7.571139 43.802619
7.576415 43.801000
7.574963 43.806125
7.575786 43.801268
7.559121 43.796889
7.556027 43.800535
7.554910 43.799745
7.560634 43.800451
7.563201 43.798208
7.562978 43.799634
7.565553 43.798157
7.565800 43.797859
7.576476 43.795171
7.571726 43.796390
7.571469 43.797911
7.571761 43.796860
7.561219 43.819346
7.554053 43.823360
7.555288 43.818756
7.559244 43.820212
7.567345 43.790496
7.567633 43.793154
7.564377 43.794688
7.564688 43.789957
7.564825 43.804401
7.565070 43.805886
7.563027 43.804110
7.565199 43.803617
7.546941 43.801685
7.550348 43.801451
7.550596 43.800787
7.547182 43.806241
7.560392 43.818481
7.554752 43.821402
7.556689 43.822679
7.561186 43.820099
7.560702 43.808493
7.560814 43.806300
7.561325 43.807106
7.561149 43.806710
7.556539 43.810553
7.557713 43.811069
7.556020 43.810177
7.557133 43.811365
7.558647 43.810706
7.559160 43.809500
7.561333 43.810755
7.559427 43.810021
7.554875 43.809683
7.557048 43.809417
7.558213 43.810871
7.555092 43.809845
7.555386 43.806375
7.557866 43.808940
7.555802 43.806745
7.558033 43.807544
7.558717 43.800661
7.560372 43.801348
7.560468 43.803210
7.560934 43.802581
7.551588 43.807608
7.554112 43.807587
7.550007 43.810227
7.565856 43.804781
7.562466 43.805378
7.565028 43.805892
7.563710 43.804397
7.551019 43.813656
7.548153 43.812905
7.547476 43.816162
7.550849 43.814203
7.557370 43.801009
7.555739 43.800924
7.556547 43.800846
7.554715 43.803194
7.557251 43.815991
7.556511 43.817366
7.555989 43.817068
7.558581 43.815149
7.565638 43.797894
7.563485 43.800012
7.564738 43.799450
7.562684 43.799598
7.548272 43.809201
7.547940 43.809076
7.550575 43.806828
7.547546 43.808313
7.557480 43.800960
7.557484 43.801080
7.556696 43.802692
7.559054 43.809814
7.559218 43.809773
7.558864 43.809936
7.558806 43.811420
7.589509 43.794289
7.592789 43.784537
7.591439 43.791126
7.582606 43.784743
7.558675 43.811895
7.559850 43.814858
7.558059 43.815109
7.556808 43.805086
7.554590 43.803819
7.556499 43.805620
7.556117 43.805677
7.563780 43.802291
7.562616 43.800621
7.562444 43.802602
7.563137 43.801334
7.561844 43.797900
7.559329 43.799699
7.559141 43.798456
7.561128 43.800181
7.560211 43.798682
7.559150 43.798132
7.559315 43.798019
7.549195 43.807432
7.550500 43.807776
7.550731 43.811504
7.548891 43.806558
7.554423 43.806706
7.555987 43.807859
7.555412 43.808226
7.557943 43.807619
7.551733 43.811730
7.553758 43.810195
7.548511 43.806931
7.547412 43.809339
7.563530 43.808185
7.564497 43.808633
7.565434 43.808356
7.564544 43.807272
7.557037 43.811621
7.556839 43.810338
7.556777 43.809469
7.554580 43.811258
7.560206 43.806027
7.559819 43.806038
7.560092 43.805784
7.561114 43.804364
7.556323 43.804103
7.558180 43.803825
7.558020 43.803517
7.565703 43.806564
7.562553 43.807472
7.563018 43.807525
7.564120 43.807063
7.562285 43.798957
7.566016 43.798476
7.565399 43.799720
7.563659 43.798559
7.557072 43.810789
7.555287 43.811097
7.557925 43.811493
7.556443 43.811868
7.550558 43.812295
7.548265 43.817419
7.552482 43.816009
7.548818 43.801894
7.554156 43.802412
7.552124 43.803172
7.553044 43.801808
7.559042 43.805397
7.559947 43.804151
7.558847 43.805036
7.563543 43.805781
7.562787 43.803495
7.566009 43.804785
7.565337 43.804101
7.552491 43.818295
7.560833 43.819157
7.560273 43.826231
7.557993 43.819528
7.564577 43.799935
7.564478 43.800084
7.563484 43.800587
7.564607 43.797972
7.572192 43.803580
7.572066 43.800891
7.577249 43.803594
7.561355 43.809200
7.560391 43.810113
7.560659 43.809782
7.565214 43.822885
7.568137 43.822582
7.565806 43.818554
7.565013 43.821531
7.571295 43.798832
7.571857 43.798664
7.570259 43.797711
7.558145 43.806019
7.556431 43.805722
7.555605 43.803853
7.554660 43.805430
7.557714 43.808427
7.555014 43.807893
7.554909 43.807899
7.573649 43.794837
7.572595 43.792263
7.575742 43.790747
7.564442 43.803338
7.565201 43.803010
7.562736 43.801434
7.564479 43.801924
7.678930 43.772915
7.671481 43.784415
7.633224 43.759864
7.666792 43.786234
7.576336 43.791049
7.576598 43.794002
7.574723 43.789663
7.560191 43.790490
7.554492 43.790682
7.557429 43.791936
7.549679 43.805735
7.561271 43.802314
7.559814 43.801718
7.553282 43.795031
7.562412 43.808134
7.563857 43.806616
7.564112 43.808525
7.567600 43.804031
7.563264 43.804914
7.562809 43.803014
7.566508 43.802090
7.562942 43.811347
7.568670 43.806943
7.566272 43.808731
7.567437 43.806598
7.560382 43.808495
7.561082 43.808913
7.561951 43.807742
7.559762 43.807451
7.555167 43.797922
7.556685 43.798684
7.556915 43.798480
7.556782 43.803165
7.554503 43.800806
7.555205 43.802130
7.557502 43.798450
7.555298 43.799730
7.558013 43.799531
7.557111 43.800437
7.564501 43.803716
7.564506 43.805718
7.564528 43.805408
7.562614 43.803825
7.574265 43.778987
7.572054 43.776237
7.574812 43.778349
7.558812 43.808164
7.559867 43.808160
7.561308 43.808136
7.561916 43.807374
7.561985 43.802372
7.562014 43.800687
7.558797 43.802895
7.570269 43.806012
7.575047 43.805192
7.574489 43.804103
7.571842 43.801484
7.560124 43.811232
7.561422 43.809381
7.559774 43.809229
7.554427 43.794154
7.558071 43.793410
7.561085 43.791064
7.555997 43.799596
7.556196 43.800062
7.555539 43.798752
7.548644 43.815963
7.553626 43.815424
7.549304 43.813472
7.558146 43.801940
7.557913 43.802414
7.558168 43.802178
7.564237 43.795414
7.565298 43.796229
7.564373 43.797300
7.564971 43.796292
7.556329 43.821357
7.556602 43.820431
7.555246 43.821108
7.564316 43.795135
7.563614 43.795722
7.564561 43.797475
7.565039 43.795042
7.557713 43.804630
7.560796 43.804160
7.555317 43.803604
7.563140 43.800187
7.564101 43.799816
7.563443 43.799321
7.559755 43.799417
7.561524 43.798374
7.561270 43.798750
7.565583 43.807871
7.565358 43.807100
7.564662 43.807897
7.563847 43.807735
7.556306 43.798271
7.555018 43.798116
7.557044 43.799535
7.565309 43.800647
7.562458 43.802912
7.564055 43.802034
7.562795 43.797639
7.565098 43.799912
7.567080 43.798029
7.554289 43.803525
7.548500 43.802232
7.552490 43.803634
7.554505 43.804716
7.554800 43.803711
7.556824 43.805980
7.555081 43.818215
7.555149 43.818904
7.558462 43.820936
7.559121 43.819716
7.556781 43.807920
7.557378 43.807488
7.556419 43.807348
7.556433 43.807220
7.565938 43.814839
7.563354 43.812005
7.563446 43.813391
7.567683 43.788936
7.568638 43.787967
7.562608 43.786506
7.556503 43.811344
7.558242 43.809066
7.557232 43.811711
7.554806 43.803268
7.555903 43.801727
7.556549 43.802526
7.561912 43.801693
7.559962 43.803034
7.559239 43.802462
7.558170 43.797809
7.555099 43.798921
7.554675 43.798054
7.554435 43.799210
7.559030 43.796949
7.562100 43.795363
7.561050 43.795976
7.563894 43.797252
7.565289 43.795334
7.562461 43.795766
7.559404 43.795750
7.559439 43.796109
7.558445 43.797320
7.568292 43.785113
7.563121 43.785845
7.569887 43.789214
7.564244 43.783006
7.569671 43.773117
7.563693 43.775071
7.588071 43.805254
7.583885 43.806056
7.591856 43.802553
7.559613 43.795794
7.562092 43.795374
7.561315 43.796843
7.564441 43.798789
7.564998 43.800162
7.565888 43.799444
7.551214 43.804049
7.550570 43.803210
7.546839 43.806062
7.564225 43.803291
7.563005 43.802553
7.565938 43.801711
7.558368 43.809101
7.559002 43.810514
7.560207 43.810469
7.560144 43.805564
7.558712 43.805535
7.559717 43.804239
7.562760 43.807514
7.564865 43.807702
7.564411 43.806573
7.562597 43.796352
7.564934 43.795451
7.564236 43.795533
7.561572 43.793958
7.561571 43.790712
7.559778 43.789691
7.560646 43.795374
7.560690 43.796545
7.558745 43.796486
7.565789 43.803594
7.562552 43.803618
7.563118 43.805373
7.555044 43.797930
7.554513 43.798434
7.555059 43.799281
7.560761 43.802679
7.562037 43.803002
7.559697 43.803307
7.559989 43.800565
7.558885 43.800366
7.561781 43.799279
7.561419 43.796664
7.558297 43.796682
7.561252 43.795306
7.565312 43.796564
7.565933 43.795717
7.563622 43.795517
7.565140 43.807539
7.565824 43.807376
7.565426 43.808150
7.565314 43.803710
7.562524 43.804631
7.564180 43.803810
7.557830 43.819189
7.559280 43.827502
7.548469 43.825294
7.559704 43.800477
7.561567 43.797869
7.561585 43.799114
7.558078 43.810565
7.556296 43.809359
7.556831 43.808765
7.557351 43.808486
7.554787 43.806927
7.555961 43.811726
7.559590 43.808650
7.554612 43.802480
7.556054 43.802551
7.555456 43.803339
7.556611 43.805603
7.555466 43.804986
7.554767 43.804460
7.565016 43.798088
7.565426 43.800357
7.563085 43.800305
7.564329 43.786349
7.565278 43.789102
7.563973 43.784985
7.565687 43.806571
7.566031 43.806487
7.569597 43.810917
7.557772 43.799717
7.557476 43.798722
7.556804 43.799765
7.569034 43.790903
7.565801 43.791196
7.564289 43.790798
7.559014 43.795773
7.559968 43.797465
7.561489 43.797354
7.561413 43.805287
7.559801 43.803661
7.558699 43.806132
7.564290 43.791816
7.568748 43.793190
7.556828 43.806442
7.556003 43.806674
7.554727 43.807463
7.558859 43.807173
7.559325 43.809043
7.558619 43.806670
7.572680 43.776509
7.564021 43.781416
7.562460 43.778386
7.548051 43.801733
7.552240 43.802257
7.553303 43.803075
7.566116 43.813144
7.568831 43.815708
7.564503 43.816895
7.573707 43.793249
7.571416 43.792174
7.575596 43.791106
7.562663 43.796328
7.565724 43.795616
7.563883 43.797114
7.558895 43.795357
7.558763 43.795862
7.558934 43.797277
7.561773 43.807978
7.560862 43.807958
7.559039 43.806388
7.556312 43.799319
7.554528 43.800581
7.556538 43.799143
7.558168 43.813965
7.560902 43.813582
7.558716 43.814509
7.558949 43.802644
7.559224 43.801692
7.559594 43.799486
7.560447 43.800173
7.561951 43.798829
7.562276 43.795784
7.563580 43.796333
7.564155 43.796836
7.566862 43.820145
7.562702 43.819962
7.563518 43.819209
7.570448 43.795686
7.571306 43.798863
7.570271 43.796519
7.557122 43.803689
7.557405 43.804248
7.557057 43.805084
7.573551 43.828922
7.577445 43.837164
7.546752 43.813787
7.549550 43.814221
7.554067 43.817148
7.555754 43.809645
7.556958 43.811681
7.561869 43.801464
7.560870 43.802454
7.558311 43.802610
7.565588 43.807228
7.565158 43.807890
7.562814 43.807978
7.554860 43.803062
7.557929 43.802435
7.558208 43.802505
7.565025 43.803300
7.562908 43.802103
7.565017 43.802225
7.560513 43.793248
7.557256 43.790665
7.556933 43.789677
7.557680 43.809034
7.555004 43.808859
7.562468 43.802270
7.563963 43.801932
7.563590 43.809042
7.563561 43.807085
7.565586 43.802316
7.563099 43.802380
7.565686 43.803616
7.581945 43.792839
7.589845 43.783838
7.557333 43.804096
7.555048 43.804392
7.557864 43.803440
7.562530 43.785755
7.565767 43.789292
7.564810 43.785787
7.557075 43.809806
7.560655 43.810125
7.555584 43.809352
7.557213 43.811456
7.556366 43.811576
7.555905 43.802685
7.556273 43.803382
7.555706 43.803172
7.562957 43.795652
7.563452 43.795955
7.564694 43.795779
7.564291 43.799733
7.563066 43.799068
7.565596 43.799905
7.565360 43.805599
7.562896 43.805992
7.565867 43.804657
7.559304 43.799465
7.561802 43.798385
7.563994 43.799543
7.564750 43.799449
7.561453 43.796622
7.560698 43.796053
7.559739 43.796289
7.557604 43.799687
7.556778 43.799633
7.555840 43.800443
7.563000 43.795701
7.563432 43.796157
7.562267 43.797616
7.560179 43.811750
7.559207 43.811134
7.558487 43.810085
7.558570 43.811424
7.561688 43.811423
7.560117 43.809824
7.560116 43.806075
7.561640 43.804332
7.560725 43.806074
7.552056 43.805570
7.550539 43.804164
7.562008 43.819388
7.558051 43.820179
7.555910 43.813270
7.557883 43.813371
7.553682 43.808542
7.553116 43.808739
7.551499 43.808740
7.561734 43.795261
7.559390 43.796733
7.561761 43.795606
7.557575 43.814032
7.554603 43.813469
7.554941 43.803749
7.556157 43.804176
7.555499 43.805771
7.576925 43.799999
7.570381 43.797038
7.574312 43.795833
7.550016 43.811167
7.548960 43.811716
7.553525 43.809201
7.561885 43.800034
7.561071 43.799412
7.561609 43.800291
7.553889 43.806669
7.550531 43.807231
7.554350 43.808117
7.562521 43.804189
7.563488 43.805749
7.563483 43.805931
7.561889 43.802810
7.558938 43.803089
7.560214 43.802483
7.557750 43.809899
7.554692 43.810386
7.554424 43.798344
7.555837 43.798821
7.556882 43.798797
7.573728 43.790119
7.570093 43.787911
7.572216 43.794824
7.556316 43.814621
7.556531 43.813716
7.555987 43.813281
7.555240 43.801589
7.555179 43.802845
7.562883 43.797026
7.562695 43.795925
7.564399 43.797559
7.558509 43.795947
7.559036 43.795499
7.559552 43.796695
7.549092 43.817452
7.553920 43.815159
7.551692 43.808289
7.553888 43.806710
7.546943 43.798452
7.549389 43.799183
7.556968 43.808460
7.556317 43.806652
7.558005 43.806496
7.559475 43.814433
7.561879 43.813718
7.564894 43.784796
7.564304 43.788335
7.568846 43.784799
7.565037 43.797438
7.562915 43.796350
7.564483 43.796995
7.563741 43.802412
7.565959 43.802847
7.549038 43.799920
7.554198 43.799495
7.547082 43.798136
7.555452 43.795636
7.558672 43.798741
7.562161 43.808903
7.563387 43.806778
7.555017 43.812179
7.555217 43.812428
7.558211 43.811953
7.550618 43.807690
7.553333 43.807214
7.560039 43.813051
7.559698 43.812401
7.560904 43.814203
7.561330 43.808129
7.562141 43.808806
7.562644 43.819829
7.565945 43.821260
7.562954 43.791098
7.569517 43.791206
7.564481 43.793147
7.569105 43.798956
7.567385 43.799833
7.568568 43.799255
7.568664 43.798248
7.561422 43.810427
7.558958 43.809958
7.564704 43.796238
7.565182 43.796138
7.565706 43.795758
7.561512 43.814217
7.558795 43.812187
7.554821 43.811500
7.558211 43.810978
7.556097 43.810234
7.561324 43.805384
7.559338 43.803468
7.554888 43.812771
7.557614 43.814511
7.557001 43.812594
7.562958 43.800912
7.562667 43.803139
7.563228 43.802182
7.553639 43.807781
7.554174 43.807255
7.568184 43.799274
7.567203 43.800155
7.566896 43.798588
7.564810 43.795434
7.564642 43.797303
7.556064 43.798805
7.556221 43.797881
7.556576 43.797956
7.559145 43.795488
7.559064 43.796606
7.559568 43.796518
7.569441 43.798308
7.569225 43.799242
7.556948 43.806097
7.555386 43.804516
7.554492 43.812454
7.557767 43.811905
7.569564 43.800678
7.567833 43.803179
7.548569 43.798212
7.547742 43.798852
7.559399 43.802602
7.558341 43.802727
7.559457 43.802990
7.563760 43.810505
7.565359 43.810491
7.564561 43.811169
7.570312 43.805068
7.574925 43.800831
7.575249 43.804473
7.554523 43.800945
7.555472 43.800747
7.555449 43.810090
7.556123 43.811867
7.563885 43.799672
7.562799 43.799972
7.557189 43.793045
7.558847 43.791466
7.563793 43.806592
7.564326 43.806935
7.564401 43.810695
7.565564 43.810914
7.562905 43.810417
7.560477 43.812276
7.559722 43.813917
7.558604 43.813379
7.551843 43.804552
7.553343 43.805803
7.553312 43.804411
7.554054 43.805794
7.552072 43.803991
7.560788 43.799700
7.561339 43.798334
7.559856 43.798159
7.558670 43.798652
7.562821 43.810315
7.563349 43.810088
7.566008 43.805105
7.564258 43.806163
7.570166 43.794849
7.573373 43.791954
7.555754 43.798949
7.556074 43.799382
7.562489 43.803597
7.562734 43.805551
7.555114 43.808084
7.556585 43.808583
7.560809 43.801984
7.561544 43.801550
7.567448 43.798338
7.567976 43.799960
7.558429 43.814336
7.558961 43.813222
7.559673 43.808349
7.561850 43.807236
7.574132 43.787835
7.574963 43.786700
7.575637 43.787709
7.569574 43.802128
7.567943 43.801570
7.566477 43.803259
7.568988 43.802336
7.569377 43.802093
7.561545 43.809146
7.561158 43.810021
7.561683 43.810678
7.550491 43.807469
7.550539 43.806628
7.562479 43.811005
7.565947 43.809272
7.565520 43.809603
7.553708 43.813582
7.553413 43.812940
7.564763 43.796812
7.563515 43.796674
7.548899 43.795757
7.550137 43.796882
7.553655 43.804295
7.553668 43.804858
7.553828 43.806087
7.553464 43.804669
7.553764 43.805266
7.552697 43.803782
7.553885 43.804973
7.563991 43.795118
7.563997 43.797354
7.575283 43.805943
7.577100 43.803111
7.575297 43.791162
7.571796 43.793926
7.564897 43.799868
7.564241 43.798764
7.554868 43.814059
7.554496 43.814138
7.574911 43.779769
7.574279 43.781696
7.559870 43.796833
7.560239 43.796003
7.557915 43.797895
7.555295 43.798082
7.555357 43.823480
7.550810 43.827599
7.559078 43.821088
7.559251 43.812239
7.560429 43.814030
7.559347 43.813198
7.562562 43.811488
7.565489 43.809747
7.565984 43.811272
7.561531 43.803771
7.560161 43.804463
7.569385 43.798649
7.566833 43.799724
7.548482 43.807349
7.553382 43.810768
7.552590 43.807879
7.552684 43.808706
7.551331 43.807224
7.568020 43.799611
7.567346 43.799065
7.566205 43.802825
7.568810 43.802502
7.564477 43.793415
7.569750 43.792513
7.563350 43.793034
7.554598 43.801770
7.556481 43.801978
7.558130 43.802348
7.555150 43.805310
7.556748 43.806034
7.555528 43.812656
7.555820 43.814435
7.559350 43.786060
7.561528 43.787040
7.573739 43.784001
7.573256 43.784413
7.560205 43.812509
7.561609 43.812759
7.556915 43.813789
7.554677 43.812279
7.562847 43.806501
7.564925 43.807556
7.558808 43.811347
7.559460 43.809846
7.561408 43.796695
7.560227 43.796247
7.561161 43.795391
7.573587 43.787145
7.576985 43.788447
7.557358 43.811820
7.554615 43.811016
7.556954 43.811135
7.551635 43.807848
7.551937 43.806333
7.558876 43.805772
7.559402 43.803925
7.552326 43.805087
7.553551 43.804911
7.552832 43.805520
7.557201 43.791782
7.558800 43.794279
7.568256 43.797519
7.571004 43.797330
7.559978 43.799728
7.559049 43.799011
7.555905 43.808597
7.557912 43.807834
7.557912 43.806857
7.569836 43.804289
7.569573 43.802087
7.553896 43.805153
7.552549 43.805211
7.561155 43.813105
7.560291 43.814678
7.562966 43.795871
7.562853 43.797429
7.549836 43.795638
7.551633 43.795047
7.552006 43.807045
7.551461 43.807975
7.557994 43.814057
7.557172 43.813034
7.554575 43.798492
7.554794 43.800119
7.565175 43.810539
7.562721 43.810478
7.559291 43.796154
7.559918 43.795617
7.565555 43.798578
7.566700 43.796093
7.559128 43.806896
7.561291 43.811426
7.571631 43.797063
7.574859 43.798975
7.567356 43.801565
7.567977 43.801527
7.568401 43.799536
7.567214 43.797987
7.562019 43.820533
7.560615 43.820686
7.571042 43.832873
7.566271 43.830140
7.560570 43.802286
7.560456 43.801609
7.566783 43.787993
7.568764 43.787369
7.566816 43.786198
7.562719 43.809190
7.565746 43.810457
7.563533 43.810746
7.555998 43.811025
7.554708 43.810311
7.555251 43.823731
7.555080 43.825329
7.556414 43.830390
7.550845 43.839962
7.551519 43.834497
7.562987 43.795901
7.562667 43.796739
7.566651 43.802609
7.567938 43.803122
7.557984 43.814587
7.557845 43.812172
7.563591 43.802374
7.563835 43.802451
7.559526 43.808602
7.558730 43.807737
7.564308 43.799305
7.563641 43.800321
7.563745 43.800416
7.564361 43.800524
7.567213 43.811598
7.562412 43.811461
7.557585 43.816903
7.560792 43.812869
7.561245 43.816406
7.556950 43.807953
7.557030 43.807975
7.559299 43.808307
7.560240 43.807540
7.560203 43.807168
7.553145 43.805379
7.552067 43.804285
7.554827 43.802126
7.554647 43.801347
7.557099 43.822568
7.560869 43.821668
7.558264 43.798139
7.559249 43.798740
7.568179 43.804672
7.564115 43.804475
7.550776 43.809598
7.551800 43.809266
7.553481 43.808870
7.553171 43.808324
7.549619 43.806583
7.547436 43.808601
7.554547 43.801253
7.557083 43.801150
7.555372 43.804684
7.555050 43.803831
7.562517 43.802018
7.562563 43.801425
7.573841 43.785142
7.569973 43.786124
7.570313 43.786593
7.551239 43.810469
7.553963 43.809213
7.560368 43.802562
7.558414 43.802668
7.561106 43.812550
7.560653 43.811886
7.552285 43.810393
7.551612 43.811541
7.560385 43.814639
7.561678 43.813041
7.565716 43.803738
7.562374 43.806082
7.567686 43.795931
7.567904 43.797750
7.555568 43.809072
7.556975 43.809633
7.554284 43.805277
7.551963 43.805420
7.567270 43.797451
7.569229 43.796462
7.552821 43.811768
7.551164 43.811699
7.562323 43.792394
7.562801 43.791953
7.566602 43.797713
7.569800 43.795241
7.557005 43.806371
7.555246 43.807490
7.554539 43.798368
7.556544 43.799950
7.555001 43.798048
7.558228 43.799419
7.560009 43.795187
7.559752 43.795036
7.559888 43.796577
7.559219 43.797429
7.564879 43.795088
7.563118 43.795859
7.561360 43.810690
7.561316 43.809349
7.559381 43.809229
7.568458 43.802335
7.566360 43.803162
7.567038 43.797885
7.567793 43.799247
7.560083 43.799243
7.560290 43.799197
7.558713 43.809474
7.560005 43.811084
7.556903 43.814568
7.556665 43.813789
7.568873 43.795393
7.569484 43.796031
7.562224 43.809548
7.564003 43.810707
7.586331 43.795255
7.592384 43.803254
7.549000 43.814590
7.549198 43.812289
7.562786 43.808853
7.562184 43.808073
7.557346 43.805111
7.554984 43.805330
7.553525 43.811007
7.551397 43.810124
7.566206 43.797195
7.568878 43.795620
7.551349 43.798748
7.553071 43.795459
7.559326 43.805713
7.559393 43.805929
7.557837 43.812991
7.558068 43.812411
7.567515 43.799275
7.566151 43.798164
7.567995 43.789233
7.569540 43.789257
7.547984 43.831256
7.561635 43.833168
7.553461 43.809037
7.551738 43.807488
7.552236 43.810629
7.552430 43.811119
7.565770 43.806336
7.564926 43.808935
7.572363 43.810367
7.576700 43.811272
7.552351 43.808933
7.551678 43.808093
7.568530 43.797208
7.568941 43.795523
7.573485 43.789279
7.573230 43.785124
7.546976 43.822245
7.556466 43.821188
7.551935 43.809428
7.551137 43.811724
7.565993 43.776826
7.575499 43.773968
7.568890 43.803833
7.568533 43.805724
7.554680 43.802472
7.558165 43.801172
7.559238 43.802862
7.560154 43.803111
7.557037 43.823660
7.555760 43.825023
7.566253 43.797524
7.568497 43.797612
7.567647 43.805130
7.569904 43.804526
7.564028 43.804698
7.565172 43.805963
7.560077 43.804575
7.561509 43.805719
7.559081 43.812079
7.563426 43.795865
7.564089 43.796681
7.565792 43.794400
7.565530 43.794068
7.566133 43.805965
7.567977 43.804578
7.565493 43.792651
7.564483 43.794760
7.556780 43.804157
7.557834 43.805391
7.550033 43.796396
7.550021 43.796369
7.558320 43.806619
7.565324 43.793376
7.565646 43.793551
7.558409 43.797093
7.557674 43.799681
7.555041 43.799706
7.563528 43.795821
7.564466 43.795948
7.552135 43.804268
7.550569 43.803463
7.554951 43.809554
7.556663 43.809655
7.551194 43.809438
7.554095 43.810514
7.552240 43.803479
7.550617 43.805401
7.569827 43.802675
7.568880 43.801845
7.554871 43.807500
7.557694 43.809036
7.567462 43.795915
7.569787 43.797778
7.567275 43.800592
7.550682 43.808128
7.554134 43.806760
7.556608 43.812309
7.554949 43.812498
7.559000 43.827483
7.563604 43.794092
7.563640 43.792494
7.563844 43.794921
7.565737 43.793833
7.566877 43.803835
7.566795 43.804399
7.561546 43.813180
7.560898 43.812980
7.563653 43.811655
7.562724 43.809277
7.574669 43.788209
7.574741 43.785105
7.562620 43.799081
7.563433 43.800418
7.568449 43.826560
7.563247 43.823273
7.566262 43.796806
7.569321 43.797309
7.559840 43.800446
7.561572 43.797907
7.557133 43.813410
7.557078 43.813760
7.576651 43.806887
7.572888 43.808180
7.559818 43.796346
7.560009 43.796498
7.559119 43.811286
7.560457 43.810729
7.562271 43.811149
7.564611 43.809530
7.564801 43.801805
7.562553 43.802352
7.560139 43.798865
7.558547 43.799843
7.550837 43.809403
7.554187 43.809779
7.564011 43.819151
7.567548 43.818916
7.565749 43.792283
7.563705 43.794005
7.564494 43.823828
7.569017 43.828455
7.556560 43.810635
7.557173 43.809424
7.551558 43.810998
7.551608 43.810809
7.562846 43.806571
7.563004 43.807162
7.564246 43.792317
7.562228 43.793166
7.568215 43.804416
7.569681 43.813354
7.566546 43.815013
7.568543 43.800934
7.569467 43.801176
7.558527 43.792376
7.556314 43.789684
7.556525 43.800650
7.555512 43.802151
7.554108 43.805091
7.554351 43.805074
7.558012 43.804895
7.556786 43.805062
7.561292 43.808595
7.560510 43.807627
7.559790 43.805874
7.560792 43.805574
7.558536 43.813909
7.561950 43.811962
7.569398 43.796665
7.568873 43.795309
7.568599 43.804816
7.569571 43.805782
7.551698 43.832451
7.548264 43.835710
7.557525 43.819637
7.572859 43.804956
7.576556 43.806045
7.551984 43.808351
7.553424 43.806496
7.559863 43.795645
7.560210 43.796140
7.557505 43.807867
7.556567 43.797921
7.558067 43.798148
7.568512 43.813672
7.562836 43.812018
7.550339 43.816130
7.548006 43.813709
7.565754 43.806008
7.565356 43.805152
7.551860 43.804691
7.550747 43.804445
7.559392 43.802781
7.560213 43.803362
7.577066 43.790566
7.577137 43.791102
7.565833 43.795077
7.555255 43.814249
7.555689 43.811934
7.564744 43.792961
7.563601 43.792654
7.567451 43.797543
7.567243 43.795551
7.561884 43.801096
7.558934 43.803345
7.568100 43.826980
7.567752 43.828196
7.562144 43.793608
7.562420 43.792283
7.558046 43.808055
7.557554 43.807619
7.553431 43.809721
7.551902 43.810910
7.563851 43.799292
7.564623 43.800584
7.556846 43.820874
7.547040 43.819261
7.564079 43.797497
7.565715 43.795746
7.566902 43.797802
7.566284 43.799951
7.556433 43.810520
7.566400 43.805296
7.565900 43.802859
7.569377 43.802820
7.566745 43.801575
7.561209 43.808396
7.559387 43.806720
7.560625 43.820083
7.555570 43.817525
7.562096 43.809291
7.559381 43.810390
7.552910 43.810690
7.550805 43.811247
7.546867 43.802242
7.551108 43.805504
7.563352 43.806857
7.565497 43.808198
7.563495 43.794536
7.554101 43.803852
7.550513 43.805161
7.554892 43.796590
7.555154 43.795645
7.557358 43.795605
7.567472 43.792386
7.566398 43.787971
7.567321 43.804567
7.567313 43.783818
7.568590 43.784082
7.548251 43.815258
7.549366 43.816380
7.566949 43.822631
7.567341 43.820267
7.556356 43.797417
7.555700 43.795800
7.554789 43.795419
7.556815 43.806100
7.555956 43.803662
7.560094 43.806174
7.568070 43.796982
7.567241 43.795473
7.557814 43.804269
7.554813 43.804863
7.561388 43.799902
7.560387 43.798600
7.572753 43.808236
7.574009 43.810931
7.552470 43.808014
7.551524 43.806589
7.559483 43.813129
7.556379 43.795447
7.556524 43.797123
7.556209 43.814509
7.557904 43.812295
7.553682 43.808967
7.552946 43.808484
7.565686 43.792508
7.555112 43.797161
7.566060 43.798356
7.562225 43.794046
7.562157 43.793021
7.561719 43.822416
7.555140 43.819472
7.562405 43.794149
7.564693 43.792992
7.556836 43.800873
7.556775 43.802523
7.564221 43.797308
7.565217 43.796143
7.558160 43.828207
7.563388 43.803227
7.563453 43.801000
7.548719 43.798394
7.558639 43.812765
7.560231 43.813193
7.561114 43.797355
7.560818 43.796607
7.558383 43.809889
7.562034 43.809645
7.560234 43.813791
7.559381 43.813906
7.562036 43.813593
7.562061 43.813113
7.571955 43.834653
7.564718 43.839662
7.563586 43.811559
7.565000 43.809403
7.552054 43.810124
7.550852 43.810508
7.555817 43.797663
7.557776 43.796732
7.555098 43.798764
7.556783 43.799824
7.551829 43.803502
7.552659 43.805695
7.558477 43.797215
7.561149 43.795502
7.555446 43.800483
7.558235 43.795770
7.565112 43.825999
7.564030 43.827049
7.552000 43.816574
7.557662 43.814259
7.555830 43.814174
7.559985 43.826330
7.558922 43.828433
7.561058 43.804344
7.559597 43.805442
7.559498 43.791101
7.556428 43.790938
7.565308 43.797371
7.565177 43.795142
7.568263 43.797329
7.567613 43.797644
7.547442 43.796626
7.549932 43.797773
7.562852 43.810218
7.563807 43.810554
7.562198 43.798513
7.565856 43.798685
7.550871 43.802331
7.556830 43.796916
7.556833 43.797547
7.553477 43.804942
7.551596 43.804123
7.567278 43.811336
7.569193 43.811122
7.548984 43.816109
7.554377 43.816621
7.552372 43.813790
7.550951 43.813621
7.553633 43.813895
7.548919 43.812651
7.558673 43.804175
7.550993 43.814584
7.573741 43.785251
7.571444 43.788537
7.551711 43.802106
7.554189 43.803370
7.554731 43.797590
7.557720 43.797184
7.555669 43.808799
7.556767 43.806486
7.561145 43.803171
7.558418 43.800747
7.557084 43.803850
7.553790 43.803298
7.566743 43.805643
7.558418 43.799828
7.566399 43.797554
7.569045 43.795410
7.555114 43.809442
7.567359 43.804929
7.569880 43.803828
7.566576 43.799860
7.567014 43.798802
7.553947 43.810670
7.565336 43.794267
7.564058 43.792665
7.565069 43.793376
7.562692 43.794299
7.552905 43.808057
7.552283 43.808062
7.556886 43.795852
7.556053 43.795926
7.562750 43.803084
7.567273 43.802495
7.556869 43.794191
7.560215 43.791593
7.557178 43.802307
7.554595 43.803382
7.572114 43.796105
7.564220 43.798092
7.562662 43.797898
7.562699 43.775949
7.581075 43.787433
7.554366 43.796760
7.557331 43.795723
7.551459 43.802436
7.559755 43.807743
7.563198 43.827764
7.556100 43.803368
7.572180 43.787252
7.561624 43.793465
7.561235 43.793355
7.564618 43.797780
7.563217 43.795395
7.559787 43.793279
7.559190 43.800478
7.554376 43.798792
7.555276 43.799845
7.561922 43.792512
7.561185 43.792955
7.564833 43.805371
7.564327 43.803531
7.561308 43.793330
7.558346 43.800525
7.554697 43.810245
7.592986 43.790879
7.587764 43.791437
7.555317 43.796520
7.555852 43.797247
7.561695 43.792586
7.553092 43.801714
7.553866 43.800963
7.551446 43.804201
7.554236 43.804532
7.559843 43.811877
7.559119 43.811959
7.561529 43.797432
7.561396 43.807337
7.561882 43.811199
7.558534 43.807156
7.559112 43.808890
7.561979 43.792620
7.558677 43.794927
7.586825 43.776022
7.592814 43.773530
7.554831 43.813222
7.554535 43.814559
7.556471 43.813746
7.565348 43.803634
7.563989 43.806133
7.554596 43.797009
7.555116 43.808988
7.557283 43.808041
7.552888 43.809725
7.551752 43.809275
7.560208 43.801979
7.560967 43.802473
7.551940 43.810405
7.553109 43.810149
7.558613 43.793088
7.560709 43.792558
7.557955 43.806022
7.569605 43.796515
7.566294 43.797189
7.563850 43.795026
7.563235 43.809981
7.565767 43.800317
7.552853 43.806883
7.563664 43.794954
7.559012 43.810562
7.563179 43.813715
7.561147 43.797198
7.556144 43.807701
7.558982 43.792551
7.558470 43.792677
7.565932 43.807892
7.565315 43.808235
7.558223 43.784670
7.557086 43.784498
7.555540 43.831973
7.563087 43.808186
7.564353 43.808894
7.557098 43.803021
7.557560 43.802281
7.551148 43.801289
7.552708 43.803071
7.551078 43.793526
7.561502 43.792535
7.555444 43.796793
7.552739 43.801461
7.550568 43.802049
7.564181 43.811519
7.563763 43.810692
7.561350 43.806146
7.562765 43.794832
7.565218 43.792959
7.569473 43.795660
7.567900 43.796487
7.565032 43.784795
7.567148 43.788973
7.556340 43.810772
7.555852 43.810708
7.562482 43.814640
7.564813 43.813456
7.566051 43.801601
7.568311 43.801897
7.556574 43.799427
7.559968 43.811090
7.559280 43.802103
7.565838 43.814050
7.564622 43.812820
7.561699 43.784075
7.569148 43.806101
7.581561 43.782383
7.577892 43.782454
7.560987 43.812398
7.558413 43.813601
7.551164 43.796496
7.551127 43.795084
7.554945 43.796194
7.561110 43.787835
7.557531 43.799498
7.552533 43.805105
7.559952 43.792702
7.567683 43.792698
7.565533 43.793032
7.571615 43.800531
7.574953 43.795615
7.569892 43.800196
7.568696 43.799725
7.556181 43.805098
7.559159 43.792198
7.558309 43.790641
7.561575 43.793816
7.571862 43.811051
7.576754 43.810838
7.563813 43.814298
7.562965 43.792576
7.563707 43.794969
7.558969 43.814676
7.557209 43.814179
7.554258 43.802921
7.550664 43.801970
7.563608 43.814129
7.565837 43.813540
7.570967 43.790968
7.552280 43.809062
7.564884 43.799969
7.557369 43.808463
7.559150 43.792012
7.558280 43.789967
7.555949 43.797636
7.556436 43.796550
7.566364 43.794308
7.573075 43.786977
7.560479 43.816928
7.561740 43.816648
7.564468 43.798957
7.568802 43.802309
7.567167 43.800734
7.559433 43.817061
7.552703 43.806276
7.566210 43.792440
7.566244 43.792827
7.569463 43.793704
7.569260 43.794793
7.568577 43.807294
7.569841 43.809622
7.556106 43.805094
7.556842 43.806124
7.559448 43.794072
7.558257 43.794172
7.567504 43.803508
7.559743 43.796444
7.561600 43.796806
7.558539 43.794905
7.553494 43.806058
7.561612 43.808783
7.560280 43.808544
7.560754 43.816230
7.560498 43.817223
7.555092 43.796012
7.561467 43.798000
7.578817 43.775201
7.555617 43.801423
7.554407 43.801952
7.557763 43.791410
7.558349 43.792569
7.561461 43.816142
7.557476 43.812536
7.554266 43.809250
7.551344 43.810502
7.566596 43.793055
7.569067 43.793200
7.561478 43.812967
7.561907 43.814255
7.556186 43.785783
7.569416 43.793823
7.569135 43.792855
7.570138 43.805434
7.560384 43.800049
7.555418 43.795172
7.564022 43.805895
7.567235 43.802895
7.564734 43.797499
7.572405 43.809424
7.553964 43.808533
7.558845 43.800024
7.559072 43.799401
7.553395 43.802533
7.562847 43.824877
7.552183 43.805995
7.554187 43.803446
7.564256 43.812542
7.564142 43.813477
7.564926 43.797106
7.557064 43.821033
7.562533 43.793143
7.564256 43.794761
7.560560 43.806176
7.561097 43.805286
7.556754 43.809919
7.557449 43.811680
7.558820 43.816615
7.563635 43.810379
7.569357 43.795988
7.560289 43.824311
7.554457 43.827748
7.569721 43.795661
7.565053 43.794412
7.564190 43.792219
7.560949 43.793249
7.559943 43.793994
7.565708 43.818116
7.556996 43.797189
7.555815 43.796625
7.554305 43.803228
7.552850 43.800912
7.559466 43.786426
7.567403 43.806821
7.557126 43.800217
7.569691 43.794652
7.569631 43.794138
7.563113 43.814249
7.561841 43.815568
7.567495 43.792961
7.566685 43.807238
7.567940 43.807921
7.559494 43.805294
7.563653 43.801368
7.565923 43.800615
7.560908 43.803058
7.569795 43.822837
7.563660 43.822088
7.567357 43.798331
7.551197 43.810449
7.563928 43.801446
7.565887 43.801058
7.556943 43.801884
7.553783 43.811915
7.570471 43.785252
7.577563 43.784549
7.567370 43.807462
7.575354 43.785365
7.570610 43.786704
7.555818 43.808624
7.566208 43.804717
7.560690 43.809604
7.553898 43.807665
7.555741 43.795248
7.557366 43.797770
7.553737 43.797988
7.560892 43.817338
7.560544 43.817199
7.556177 43.812910
7.575709 43.805396
7.559878 43.795324
7.553704 43.802687
7.556993 43.804995
7.568108 43.808086
7.567478 43.808329
7.568822 43.823285
7.568096 43.804562
7.569839 43.805982
7.561841 43.794358
7.558406 43.794050
7.557351 43.802058
7.556932 43.801720
7.566311 43.792371
7.566414 43.794741
7.614315 43.785942
7.556509 43.799216
7.564116 43.810433
7.562465 43.809782
7.557431 43.812115
7.559425 43.797454
7.569208 43.806908
7.566303 43.792369
7.557544 43.814909
7.551046 43.804114
7.550839 43.804748
7.564649 43.784459
7.562552 43.784294
7.554516 43.814810
7.555093 43.815499
7.561142 43.815567
7.564713 43.814141
7.568543 43.798756
7.555702 43.810970
7.552548 43.810342
7.555837 43.796683
7.555720 43.796589
7.564062 43.793147
7.565897 43.794056
7.559778 43.816145
7.558610 43.816117
7.549603 43.816130
7.571430 43.790850
7.574200 43.789532
7.556882 43.815641
7.559435 43.798245
7.564603 43.800100
7.556344 43.816600
7.554523 43.816905
7.561130 43.793892
7.561092 43.794130
7.563619 43.804666
7.559304 43.816423
7.556836 43.813146
7.559789 43.801080
7.561006 43.802660
7.558557 43.806648
7.558886 43.811903
7.563708 43.809000
7.553720 43.801748
7.553977 43.805264
7.553033 43.803681
7.557658 43.809361
7.567432 43.802241
7.554756 43.805180
7.566365 43.808408
7.566809 43.806385
7.568127 43.806713
7.560430 43.794687
7.565635 43.792306
7.554412 43.798855
7.550727 43.811073
7.551992 43.809453
7.556712 43.795328
7.556241 43.797025
7.554931 43.816168
7.564777 43.812066
7.563031 43.813739
7.566412 43.815041
7.555886 43.807124
7.555236 43.806419
7.552022 43.808296
7.551995 43.808489
7.554574 43.814779
7.557927 43.817005
7.567094 43.793921
7.569769 43.792583
7.560928 43.806798
7.560041 43.808029
7.561818 43.812752
7.558723 43.814159
7.562143 43.811325
7.578172 43.799232
7.590547 43.806068
7.567671 43.797309
7.564889 43.795206
7.552309 43.797955
7.552636 43.795567
7.553155 43.812951
7.553335 43.813750
7.557658 43.806357
7.568760 43.808646
7.555074 43.816328
7.552394 43.795399
7.568313 43.793163
7.565876 43.809916
7.563528 43.810395
7.553988 43.812359
7.551375 43.814227
7.567072 43.795717
7.550747 43.812105
7.555076 43.801818
7.565359 43.787591
7.558998 43.804265
7.560192 43.804970
7.560187 43.802349
7.558272 43.802069
7.563352 43.797763
7.564759 43.798650
7.551601 43.804839
7.557008 43.816736
7.557811 43.816687
7.557223 43.795286
7.565362 43.805102
7.557922 43.804977
7.558061 43.803486
7.566765 43.789637
7.552920 43.813784
7.551225 43.814199
7.559563 43.814854
7.574521 43.785798
7.565116 43.794933
7.556307 43.804888
7.555097 43.804033
7.555189 43.815261
7.556292 43.815254
7.552696 43.814640
7.554164 43.811887
7.552201 43.800988
7.556912 43.787158
7.552088 43.803273
7.553567 43.801600
7.562913 43.813095
7.558608 43.792811
7.569866 43.791426
7.569665 43.798056
7.558781 43.816014
7.550424 43.799868
7.561134 43.795937
7.560964 43.793078
7.567432 43.805083
7.565059 43.801372
7.562593 43.802055
7.567893 43.794004
7.566461 43.794470
7.550968 43.802664
7.566480 43.807838
7.567067 43.808291
7.553567 43.813689
7.560744 43.800329
7.554735 43.797510
7.558649 43.784658
7.558818 43.811470
7.576903 43.779135
7.559114 43.798025
7.559682 43.799048
7.551421 43.811504
7.551647 43.809149
7.553638 43.813439
7.556561 43.807083
7.553567 43.807302
7.555405 43.816967
7.556869 43.815876
7.556872 43.814520
7.565215 43.808445
7.554758 43.805090
7.554490 43.805066
7.558391 43.797585
7.556254 43.800327
7.569004 43.807493
7.555622 43.809604
7.562515 43.772628
7.576754 43.780594
7.556550 43.806205
7.555794 43.806094
7.567559 43.801981
7.567171 43.778848
7.573367 43.807232
7.567622 43.792209
7.557975 43.795730
7.553290 43.814476
7.562902 43.794803
7.558137 43.802630
7.566655 43.800604
7.590454 43.779738
7.555647 43.816318
7.558160 43.800356
7.554643 43.802290
7.564095 43.814487
7.563766 43.798136
7.551573 43.806186
7.550596 43.805123
7.577823 43.790393
7.568422 43.806132
7.552911 43.802605
7.560487 43.794165
7.565713 43.803335
7.560488 43.804913
7.579479 43.790117
7.560286 43.817315
7.560693 43.814922
7.558058 43.813682
7.553348 43.805145
7.551980 43.795020
7.565129 43.810107
7.554198 43.813267
7.566225 43.795672
7.565231 43.792684
7.564786 43.795779
7.556551 43.805600
7.551164 43.809333
7.566994 43.793274
7.567667 43.793098
7.554706 43.815347
7.560607 43.813283
7.561553 43.812430
7.572743 43.788639
7.570594 43.786971
7.583880 43.790549
7.583929 43.792319
7.566849 43.800715
7.564463 43.813332
7.553666 43.813987
7.553808 43.812129
7.567433 43.785397
7.563285 43.785521
7.559975 43.807371
7.552896 43.811804
7.559812 43.802387
7.559783 43.804685
7.554767 43.796086
7.561425 43.794107
7.562346 43.810191
7.557546 43.801371
7.556862 43.809001
7.569430 43.796214
7.565544 43.828684
7.554249 43.808563
7.559072 43.797172
7.562031 43.796572
7.549422 43.799769
7.566391 43.795810
7.554576 43.822122
7.568006 43.807173
7.582706 43.794332
7.578946 43.794367
7.558111 43.797587
7.566353 43.798297
7.561499 43.814657
7.560535 43.817236
7.574996 43.799304
7.562206 43.825910
7.568737 43.807078
7.558992 43.826890
7.557945 43.823228
7.554629 43.804596
7.555359 43.799835
7.555855 43.816842
7.555679 43.813051
7.556437 43.813040
7.558715 43.798308
7.552117 43.801404
7.554077 43.813954
7.558464 43.792810
7.561950 43.793446
7.556799 43.809249
7.560246 43.826879
7.561486 43.826712
7.563642 43.804995
7.551537 43.805609
7.568261 43.793821
7.564923 43.796051
7.557759 43.810275
7.559356 43.802251
7.561385 43.803165
7.565921 43.807871
7.551579 43.812148
7.560570 43.809501
7.556604 43.817385
7.555884 43.815436
7.556265 43.802376
7.576795 43.785926
7.567996 43.803536
7.559883 43.807051
7.568059 43.796338
7.554978 43.806911
7.558977 43.817355
7.550617 43.803133
7.553270 43.801945
7.563875 43.802223
7.585110 43.790709
7.568855 43.794557
7.561075 43.809418
7.562874 43.793007
7.567908 43.816256
7.554096 43.809262
7.552128 43.809969
7.564757 43.798720
7.563908 43.792960
7.552851 43.808075
7.553514 43.807893
7.554662 43.804725
7.559343 43.790729
7.557426 43.806905
7.563354 43.814337
7.555407 43.808010
7.569753 43.805755
7.565809 43.812067
7.551277 43.821029
7.560779 43.783868
7.561622 43.795769
7.557510 43.795173
7.552191 43.803195
7.562381 43.796009
7.555133 43.805721
7.554756 43.806179
7.557158 43.797037
7.565874 43.798478
7.559792 43.794222
7.556590 43.804719
7.553151 43.805801
7.552313 43.813695
7.554574 43.804667
7.557939 43.801081
7.556534 43.799916
7.566292 43.797726
7.557029 43.807761
7.560792 43.798090
7.557056 43.805850
7.566995 43.800008
7.561031 43.793793
7.555000 43.798155
7.554976 43.798124
7.554723 43.804957
7.559211 43.807554
7.559885 43.811939
7.558985 43.814280
7.583167 43.792179
7.555285 43.805684
7.559812 43.801597
7.560504 43.801332
7.560329 43.795115
7.559110 43.804778
7.556530 43.803632
7.558246 43.815231
7.554778 43.817165
7.568747 43.808651
7.566775 43.807243
7.557352 43.816444
7.552680 43.807247
7.554193 43.811825
7.568828 43.806585
7.568807 43.787958
7.563723 43.809150
7.565650 43.809512
7.554696 43.813572
7.555144 43.813185
7.557807 43.802504
7.558160 43.810431
7.568172 43.794738
7.566656 43.796461
7.561829 43.798625
7.551641 43.809234
7.553161 43.821590
7.567976 43.799712
7.565087 43.831132
7.565623 43.821941
7.557586 43.802635
7.558052 43.801375
7.581402 43.796231
7.582776 43.796577
7.569136 43.793985
7.554615 43.808848
7.556801 43.807975
7.562775 43.792557
7.571993 43.792020
7.559758 43.814682
7.558344 43.815604
7.550936 43.800788
7.566205 43.801737
7.562205 43.809185
7.552947 43.805607
7.561354 43.816612
7.557978 43.797704
7.546796 43.817569
7.555550 43.812320
7.553019 43.815854
7.556334 43.797736
7.555918 43.798871
7.557263 43.785138
7.564410 43.802025
7.559167 43.792200
7.565855 43.813711
7.559453 43.809966
7.573716 43.800327
7.563481 43.803721
7.558377 43.805984
7.572770 43.799637
7.565354 43.792223
7.556540 43.801484
7.569920 43.798624
7.556021 43.803579
7.552747 43.806908
7.595428 43.790780
7.596835 43.791993
7.555097 43.806503
7.567347 43.787697
7.569720 43.802411
7.562775 43.797624
7.560435 43.792304
7.552799 43.834546
7.581457 43.798749
7.564479 43.789837
7.551304 43.796345
7.564754 43.789364
7.561998 43.802691
7.556979 43.796317
7.559623 43.812037
7.566765 43.805902
7.572262 43.795169
7.568769 43.829221
7.569991 43.801449
7.556296 43.815356
7.565399 43.795764
7.591457 43.779257
7.570303 43.799540
7.573443 43.796464
7.557548 43.809734
7.556384 43.809838
7.554103 43.809084
7.570005 43.797827
7.564415 43.790619
7.564981 43.800770
7.552780 43.802464
7.571616 43.795490
7.563285 43.789974
7.565509 43.813433
7.563786 43.813501
7.558717 43.796598
7.561650 43.796317
7.560919 43.808163
7.556860 43.815389
7.566122 43.809923
7.568560 43.804695
7.576557 43.786260
7.572167 43.795129
7.550868 43.820918
7.570541 43.796751
7.573369 43.797273
7.569067 43.795420
7.565635 43.797957
7.555404 43.808800
7.556701 43.801909
7.558324 43.805230
7.566841 43.794108
7.565735 43.789953
7.554723 43.800007
7.565463 43.793392
7.554821 43.814037
7.561025 43.802744
7.566813 43.795783
7.560469 43.811955
7.561472 43.796913
7.569591 43.807587
7.550429 43.815189
7.556680 43.795721
7.559331 43.800524
7.563319 43.806166
7.569793 43.793533
7.572357 43.798615
7.562278 43.815028
7.553111 43.818421
7.563459 43.789658
7.563009 43.807873
7.550503 43.805795
7.572269 43.797800
7.557573 43.810439
7.551036 43.806457
7.560362 43.794135
7.558197 43.801838
7.567249 43.808805
7.565423 43.832262
7.565131 43.817279
7.584941 43.793527
7.565815 43.800185
7.561674 43.816696
7.556383 43.801742
7.571488 43.811139
7.555751 43.800453
7.572723 43.797140
7.571562 43.797587
7.569158 43.799500
7.552273 43.800874
7.564385 43.816492
7.556023 43.801260
7.568455 43.798284
7.551994 43.812860
7.577638 43.793204
7.565100 43.791018
7.561126 43.810855
7.565419 43.809125
7.557685 43.800769
7.563711 43.825551
7.556640 43.820285
7.557249 43.803126
7.562045 43.813046
7.559482 43.807968
7.567099 43.806220
7.555801 43.807766
7.554800 43.801201
7.551385 43.801565
7.560776 43.799406
7.555066 43.809250
7.550993 43.813000
7.563416 43.814624
7.551078 43.803210
7.553351 43.809176
7.554621 43.808150
7.560822 43.803331
7.565459 43.790249
7.572391 43.800024
7.566354 43.817487
7.557120 43.804925
7.549646 43.774260
7.559488 43.815266
7.564926 43.816742
7.555861 43.807199
7.555117 43.814768
7.555453 43.786377
7.568867 43.811052
7.554367 43.799983
7.578705 43.800540
7.582085 43.791076
7.565022 43.815443
7.554439 43.807989
7.552244 43.800588
7.561025 43.828032
7.554529 43.805648
7.569109 43.809416
7.557194 43.773334
7.572183 43.797922
7.554669 43.807191
7.572844 43.795466
7.555035 43.800367
7.564970 43.791645
7.560123 43.794026
7.556052 43.806978
7.550765 43.800118
7.564901 43.794404
7.551605 43.808090
7.559022 43.810189
7.566567 43.810474
7.556649 43.801205
7.555161 43.807723
7.554334 43.799112
7.557962 43.772581
7.554611 43.787277
7.558023 43.795131
7.571449 43.800438
7.546808 43.790064
7.557952 43.807195
7.558044 43.827253
7.566725 43.802085
7.570324 43.809033
7.561855 43.804115
7.563413 43.797632
7.567887 43.801757
7.554386 43.802452
7.556239 43.796682
7.568012 43.811512
7.560465 43.793626
7.566654 43.794780
7.558781 43.795815
7.552679 43.805058
7.565561 43.806237
7.561416 43.807377
7.555937 43.815957
7.548958 43.778876
7.558379 43.803809
7.558342 43.803855
7.554679 43.839240
7.551801 43.807372
7.558330 43.803752
7.563097 43.791444
7.563174 43.810524
7.559679 43.804352
7.559102 43.803440
7.571910 43.795778
7.570013 43.800073
7.551488 43.813306
7.567584 43.803708
7.551302 43.803317
7.567564 43.811071
7.558581 43.803921
7.571629 43.812485
7.566576 43.795733
7.565830 43.817339
7.558553 43.804596
7.555011 43.811671
7.562222 43.815666
7.559999 43.797915
7.558263 43.803720
7.562560 43.796903
7.562615 43.790366
7.557863 43.814267
7.550608 43.809878
7.573039 43.802542
7.560174 43.804276
7.567546 43.793638
7.570428 43.801488
7.568184 43.803464
7.563888 43.813098
7.569948 43.795810
7.561619 43.814010
7.559785 43.815470
7.560076 43.805936
7.560109 43.804779
7.560090 43.805786
7.559653 43.806019
7.567773 43.797599
7.567811 43.828007
7.560531 43.802469
7.559365 43.805011
7.550980 43.808568
7.551295 43.801526
7.564900 43.798710
7.551925 43.814258
7.568725 43.787194
7.569574 43.808098
7.558780 43.804928
7.558434 43.804024
7.561042 43.814323
7.571133 43.811988
7.555130 43.798040
7.568939 43.810948
7.563329 43.803169
7.558788 43.805168
7.574502 43.787231
7.573417 43.800846
7.571208 43.802951
7.590983 43.777694
7.557547 43.814703
7.564348 43.806394
7.552718 43.797964
7.559989 43.803694
7.581933 43.784021
7.558462 43.814347
7.566028 43.808092
7.558866 43.805653
7.583531 43.787277
7.567889 43.791988
7.559779 43.804168
7.564887 43.796475
7.558631 43.805018
7.567302 43.800083
7.552011 43.803822
7.574901 43.799479
7.560566 43.795670
7.557706 43.797618
7.560986 43.803752
7.568208 43.791607
7.551179 43.799574
7.565318 43.791898
7.559704 43.802149
7.559669 43.805003
7.563621 43.813339
7.558931 43.802619
7.559967 43.803040
7.566134 43.809130
7.559302 43.819604
7.558034 43.801511
7.559018 43.802352
7.558566 43.803415
7.570368 43.795401
7.556080 43.798157
7.559588 43.804052
7.564029 43.810682
7.557558 43.807494
7.556583 43.804972
7.556896 43.805726
7.558880 43.802950
7.557051 43.804874
7.561594 43.818572
7.569578 43.787638
7.558890 43.802776
7.566351 43.790117
7.558368 43.803832
7.556181 43.806029
7.558855 43.785834
7.553493 43.807992
7.561573 43.819774
7.567351 43.789380
7.571105 43.802495
7.568876 43.802099
7.596651 43.785560
7.557463 43.805012
7.559310 43.805863
7.556938 43.806178
7.578007 43.795448
7.568483 43.797242
7.573635 43.798491
7.573980 43.791215
7.552993 43.798016
7.552977 43.809459
7.564226 43.790334
7.560111 43.805751
7.559057 43.802517
7.565313 43.816503
7.559617 43.802543
7.557422 43.806204
7.558225 43.805955
7.556145 43.810840
7.568881 43.798689
7.557689 43.795263
7.559339 43.804643
7.557295 43.805132
7.558078 43.805922
7.558812 43.804739
7.558079 43.804267
7.558938 43.803023
7.557389 43.803475
7.583822 43.786319
7.558391 43.805959
7.559258 43.802558
7.558676 43.805636
7.557625 43.803436
7.569498 43.790214
7.559247 43.805265
7.563811 43.814876
7.548802 43.819860
7.567521 43.793668
7.561729 43.799829
7.559535 43.819942
7.560459 43.801073
7.571067 43.794903
7.556855 43.804513
7.557815 43.803543
7.552500 43.799581
7.567766 43.791043
7.552159 43.775774
7.572993 43.793052
7.559804 43.819651
7.559647 43.810230
7.556765 43.805977
7.573493 43.794806
7.562836 43.795466
7.558737 43.802612
7.558936 43.803402
7.565293 43.799069
7.558027 43.804379
7.557308 43.804330
7.552290 43.806995
7.567421 43.809639
7.555445 43.798788
7.570467 43.794609
7.559651 43.804139
7.582580 43.793513
7.559283 43.805491
7.564779 43.806433
7.557447 43.810856
7.560046 43.805597
7.568302 43.810373
7.558194 43.805325
7.560029 43.801935
7.557292 43.804775
7.563130 43.805536
7.561168 43.798348
7.557676 43.805568
7.559224 43.802479
7.571923 43.801181
7.556090 43.776408
7.559956 43.802747
7.566157 43.801664
7.569921 43.792389
7.557121 43.784716
7.574704 43.816984
7.565137 43.789534
7.570821 43.793095
7.556526 43.797480
7.556983 43.804481
7.566829 43.811308
7.580084 43.794105
7.557614 43.804518
7.551746 43.802694
7.556435 43.804930
7.559148 43.805632
7.557331 43.816773
7.560473 43.811618
7.558602 43.803590
7.554082 43.809480
7.554664 43.816708
7.558564 43.802739
7.569356 43.803868
7.550264 43.798934
7.560695 43.818247
7.568082 43.792136
7.573427 43.796942
7.561886 43.804515
7.557428 43.805479
7.574823 43.783949
7.561990 43.803941
7.559415 43.803310
7.561337 43.804453
7.555504 43.805389
7.559425 43.804649
7.556595 43.802472
7.558467 43.816729
7.557418 43.801565
7.557458 43.803717
7.557506 43.807445
7.561737 43.804648
7.555644 43.806683
7.557303 43.807471
7.561929 43.819638
7.560764 43.802978
7.561528 43.804215
7.553452 43.801263
7.566198 43.793787
7.560957 43.803128
7.556601 43.794416
7.557637 43.792598
7.558192 43.807109
7.565133 43.791879
7.557063 43.803953
7.559073 43.807441
7.557548 43.807485
7.558462 43.806676
7.558613 43.806306
7.557740 43.805351
7.570400 43.792568
7.561908 43.804526
7.557826 43.794316
7.548437 43.815602
7.560003 43.807266
7.557152 43.793577
7.556918 43.806483
7.560403 43.802320
7.560139 43.803153
7.557168 43.807466
7.567306 43.801692
7.547349 43.793030
7.554490 43.810330
7.561562 43.804085
7.558942 43.806319
7.560498 43.804200
7.557397 43.799685
7.570901 43.793964
7.558704 43.805684
7.571786 43.800262
7.556425 43.805176
7.559683 43.802123
7.559773 43.807580
7.559180 43.804037
7.557916 43.804656
7.561770 43.802794
7.560743 43.792367
7.558024 43.807218
7.557689 43.806579
7.546699 43.822283
7.560247 43.802044
7.554585 43.792566
7.558515 43.806324
7.554982 43.793710
7.567796 43.791518
7.579740 43.785615
7.642606 43.793438
7.552491 43.804753
7.558212 43.803713
7.563340 43.815582
7.551953 43.793123
7.562138 43.803952
7.583115 43.786817
7.560826 43.804393
7.558344 43.804259
7.559556 43.811887
7.567538 43.796619
7.556778 43.807264
7.557605 43.806077
7.556341 43.806975
7.560483 43.803184
7.561643 43.797404
7.558639 43.806327
7.558314 43.802097
7.560761 43.800581
7.561508 43.802072
7.568968 43.807189
7.551309 43.807151
7.565652 43.813638
7.561351 43.819930
7.558162 43.794667
7.557035 43.803659
7.558744 43.784325
7.583611 43.772685
7.558466 43.803378
7.567863 43.770517
7.555234 43.793780
7.558157 43.805526
7.556933 43.805972
7.559468 43.804919
7.567323 43.790283
7.560452 43.803139
7.553552 43.803276
7.561758 43.804427
7.557064 43.806819
7.557716 43.807019
7.557341 43.804802
7.565297 43.808314
7.559157 43.807110
7.560172 43.803463
7.569871 43.799174
7.573057 43.813208
7.551321 43.809781
7.568408 43.803776
7.565092 43.794760
7.565107 43.789855
7.573548 43.794213
7.560566 43.802304
7.563629 43.811795
7.558611 43.806967
7.570068 43.794637
7.560574 43.804274
7.560089 43.805031
7.566820 43.811680
7.562589 43.814943
7.551814 43.781830
7.557816 43.806051
7.557178 43.799755
7.553051 43.799384
7.558630 43.803216
7.573713 43.775109
7.555370 43.795558
7.558554 43.800693
7.556955 43.806622
7.546989 43.789692
7.558171 43.804236
7.556368 43.794319
7.557998 43.806455
7.558465 43.802599
7.559667 43.797470
7.560730 43.803680
7.568714 43.794483
7.557441 43.804982
7.559588 43.805264
7.558116 43.804529
7.553072 43.818725
7.567898 43.791115
7.560290 43.802331
7.557163 43.802282
7.561051 43.803873
7.556403 43.802906
7.558668 43.800675
7.557470 43.807164
7.558941 43.801172
7.557208 43.802031
7.563174 43.810305
7.554454 43.813963
7.552938 43.806741
7.559535 43.801193
7.554366 43.797966
7.560224 43.805150
7.557056 43.803305
7.559015 43.819211
7.558822 43.801933
7.588143 43.779059
7.561175 43.805749
7.570270 43.796893
7.566116 43.811169
7.557094 43.803367
7.572903 43.800229
7.560072 43.801700
7.550858 43.814135
7.558410 43.804179
7.556551 43.806783
7.556868 43.801883
7.557030 43.802284
7.560497 43.824957
7.564693 43.790095
7.559842 43.800688
7.562111 43.805446
7.560795 43.805573
7.557628 43.805033
7.557810 43.802041
7.556327 43.806557
7.558406 43.801482
7.560244 43.808744
7.565094 43.793163
7.559538 43.806695
7.557967 43.810551
7.560222 43.812450
7.558246 43.804067
7.548470 43.777522
7.558574 43.806352
7.556775 43.816001
7.559053 43.806020
7.557768 43.802149
7.558980 43.802287
7.569322 43.831951
7.558969 43.800871
7.560402 43.805993
7.560319 43.803455
7.561580 43.804916
7.557559 43.802580
7.558670 43.801877
7.557749 43.805598
7.561047 43.804919
7.558666 43.809215
7.566100 43.828034
7.560779 43.802067
7.557802 43.804383
7.559550 43.805094
7.558746 43.818799
7.556664 43.800217
7.569191 43.789681
7.560339 43.801637
7.556776 43.803361
7.558634 43.804589
7.558755 43.805776
7.557036 43.807050
7.571911 43.794556
7.564565 43.791228
7.557777 43.802219
7.558405 43.801185
7.560420 43.801766
7.561492 43.801465
7.559607 43.806605
7.560510 43.805972
7.557494 43.807421
7.564663 43.802692
7.550532 43.809995
7.549146 43.789605
7.597426 43.785939
7.552252 43.806622
7.573676 43.800029
7.560648 43.802857
7.568955 43.798825
7.550879 43.798941
7.558853 43.806918
7.561163 43.801956
7.559218 43.804224
7.559137 43.794841
7.560779 43.805900
7.560366 43.804548
7.560886 43.801713
7.556402 43.804119
7.557665 43.803204
7.548764 43.789931
7.559117 43.799425
7.561688 43.790527
7.562112 43.789402
7.550974 43.811481
7.558267 43.800707
7.564031 43.816242
7.560734 43.801974
7.558922 43.802396
7.559130 43.802958
7.550871 43.802727
7.547558 43.804659
7.574616 43.783148
7.568295 43.792939
7.560223 43.802906
7.578161 43.796593
7.560619 43.805224
7.561607 43.791411
7.558143 43.792850
7.561144 43.790559
7.566980 43.801569
7.554837 43.814561
7.566245 43.791046
7.560486 43.801106
7.557042 43.806579
7.558083 43.804360
7.550656 43.799359
7.559380 43.805574
7.559235 43.797295
7.560302 43.814895
7.566602 43.803453
7.559560 43.806570
7.559670 43.800748
7.558881 43.801833
7.557587 43.803328
7.572208 43.801121
7.557049 43.806707
7.554796 43.809438
7.557954 43.802910
7.560284 43.803133
7.552891 43.808734
7.580761 43.785311
7.560347 43.800799
7.558408 43.805585
7.573206 43.808587
7.557373 43.796431
7.559747 43.789781
7.561799 43.804125
7.553431 43.808156
7.560712 43.800989
7.558437 43.804771
7.558178 43.799635
7.560928 43.805752
7.559663 43.800995
7.557673 43.803879
7.585481 43.801373
7.556731 43.804941
7.560262 43.805055
7.559829 43.801484
7.560570 43.801870
7.558225 43.812199
7.561709 43.802997
7.558040 43.802473
7.560040 43.784639
7.571515 43.796699
7.560437 43.803689
7.558811 43.825428
7.553299 43.804160
7.554999 43.805937
7.556592 43.807136
7.562464 43.832127
7.571898 43.815669
7.561267 43.802258
7.554818 43.815901
7.554344 43.813905
7.566652 43.781897
7.556963 43.804076
7.559962 43.790853
7.550888 43.804585
7.562592 43.792516
7.559186 43.802907
7.549052 43.791893
7.566519 43.810883
7.559474 43.799227
7.554826 43.794192
7.562023 43.801064
7.562374 43.790909
7.564798 43.799828
7.557270 43.794533
7.561919 43.805878
7.560068 43.801993
7.559487 43.784679
7.557377 43.807580
7.554602 43.801616
7.557942 43.805637
7.564188 43.789386
7.570825 43.797593
7.559815 43.800811
7.561336 43.803878
7.592768 43.787912
7.558498 43.806153
7.560180 43.792085
7.558267 43.790177
7.555507 43.811290
7.558390 43.807335
7.557582 43.802305
7.560544 43.805912
7.558300 43.819351
7.559116 43.806082
7.557909 43.802504
7.558136 43.803061
7.557261 43.803833
7.558231 43.808683
7.560087 43.812571
7.557109 43.805934
7.557040 43.808293
7.568352 43.807783
7.564074 43.815138
7.553856 43.805966
7.557782 43.795632
7.561140 43.801409
7.556851 43.808147
7.562635 43.808000
7.557995 43.807140
7.560382 43.801475
7.560289 43.805000
7.557841 43.808648
7.567477 43.809586
7.551176 43.803723
7.575639 43.804566
7.559226 43.806415
7.568906 43.793473
7.554579 43.798095
7.561397 43.804732
7.575615 43.780188
7.561326 43.789887
7.547930 43.822251
7.568602 43.791669
7.558000 43.808272
7.559781 43.803846
7.560054 43.802465
7.560555 43.803069
7.557406 43.804211
7.558079 43.817365
7.563191 43.779899
7.572044 43.802415
7.570754 43.798756
7.557158 43.802481
7.564722 43.804609
7.559009 43.802616
7.569054 43.802567
7.560685 43.803939
7.561156 43.792180
7.561525 43.802815
7.560333 43.803935
7.556910 43.808114
7.558102 43.804862
7.559829 43.810824
7.549421 43.795941
7.556874 43.793863
7.557772 43.803894
7.567839 43.806637
7.557743 43.808331
7.563171 43.815587
7.559387 43.801426
7.561058 43.803284
7.560326 43.801350
7.558364 43.808813
7.558055 43.805097
7.555364 43.818315
7.560747 43.790789
7.564940 43.812476
7.559182 43.807904
7.558862 43.807795
7.559912 43.801815
7.554702 43.819305
7.557191 43.808925
7.556614 43.807081
7.582563 43.791996
7.564495 43.795901
7.560184 43.808027
7.560973 43.789698
7.554107 43.801706
7.554653 43.811645
7.571250 43.797890
7.558629 43.806333
7.591890 43.784250
7.556016 43.795138
7.568648 43.792602
7.555269 43.819757
7.563359 43.795877
7.560260 43.802547
7.559935 43.808591
7.560239 43.801531
7.557579 43.808636
7.563988 43.793108
7.571387 43.792573
7.564021 43.790429
7.561585 43.796178
7.551304 43.811012
7.558090 43.808743
7.569776 43.795321
7.559625 43.808971
7.568841 43.805673
7.560666 43.804175
7.559113 43.803860
7.561019 43.806131
7.559332 43.808760
7.560836 43.806489
7.559879 43.810361
7.561505 43.800838
7.559752 43.801000
7.561358 43.790645
7.569191 43.788525
7.561428 43.807256
7.559456 43.803313
7.563730 43.811801
7.561895 43.806868
7.556762 43.807782
7.557236 43.805326
7.557328 43.806143
7.556028 43.801601
7.560015 43.807743
7.558564 43.808444
7.570420 43.805550
7.557274 43.794933
7.560289 43.801264
7.563137 43.803088
7.558174 43.809009
7.557220 43.807088
7.563807 43.783480
7.558148 43.803061
7.562673 43.803192
7.553558 43.806012
7.560072 43.806625
7.556624 43.802855
7.573452 43.805528
7.570521 43.780792
7.560878 43.802679
7.559054 43.806104
7.556331 43.794933
7.562853 43.810422
7.555806 43.798487
7.561864 43.802028
7.573290 43.794235
7.564860 43.791974
7.562646 43.802380
7.567306 43.790089
7.555489 43.811112
7.568098 43.789802
7.555046 43.818181
7.565270 43.813325
7.571170 43.805566
7.555462 43.798698
7.558970 43.807884
7.561203 43.818379
7.563147 43.802496
7.560518 43.806610
7.553286 43.817026
7.568658 43.813731
7.558792 43.801960
7.559100 43.803196
7.556774 43.799003
7.561622 43.804594
7.561288 43.805511
7.552310 43.810239
7.558581 43.800620
7.571837 43.795456
7.550676 43.815098
7.557750 43.808480
7.573052 43.795857
7.552793 43.817151
7.560954 43.786238
7.560973 43.789539
7.554610 43.798031
7.564300 43.799051
7.566976 43.804630
7.554448 43.811928
7.561702 43.789811
7.567057 43.803242
7.562293 43.803249
7.560115 43.804481
7.559808 43.804631
7.571543 43.805142
7.552725 43.803357
7.554411 43.805794
7.577177 43.788826
7.554771 43.806045
7.554663 43.805402
7.560320 43.801654
7.556411 43.802838
7.551611 43.798944
7.558240 43.805015
7.560318 43.805388
7.611278 43.783029
7.558993 43.808134
7.551025 43.815571
7.558919 43.804382
7.550593 43.815657
7.550407 43.791738
7.560092 43.802646
7.562785 43.801590
7.561722 43.792469
7.561147 43.803329
7.556294 43.819521
7.563370 43.801220
7.556236 43.806209
7.555353 43.805233
7.559183 43.806740
7.563311 43.804479
7.559914 43.806635
7.557534 43.808875
7.562653 43.802644
7.563342 43.803276
7.561680 43.799311
7.557771 43.801298
7.563118 43.826032
7.568315 43.800172
7.556483 43.801071
7.558198 43.808401
7.560273 43.806300
7.562582 43.801778
7.563031 43.804626
7.563831 43.832317
7.557423 43.801951
7.555927 43.805562
7.557977 43.800980
7.561387 43.799564
7.565611 43.790416
7.558499 43.814878
7.570959 43.801279
7.550525 43.814206
7.563472 43.803651
7.555500 43.810340
7.556645 43.794514
7.560795 43.805817
7.554486 43.807265
7.556405 43.800983
7.561703 43.800364
7.555724 43.807345
7.563119 43.801163
7.556435 43.816851
7.563831 43.800848
7.559756 43.807790
7.557649 43.800240
7.555998 43.796501
7.563117 43.804646
7.557778 43.820111
7.555397 43.806652
7.558337 43.808732
7.553268 43.811868
7.558570 43.803314
7.554895 43.807312
7.556399 43.793290
7.548473 43.823084
7.557492 43.803329
7.566432 43.811604
7.563018 43.804692
7.557448 43.801510
7.556767 43.804037
7.561811 43.800705
7.560896 43.800265
7.557244 43.801976
7.560907 43.793292
7.562148 43.802077
7.551106 43.804956
7.561870 43.807555
7.564282 43.816747
7.564062 43.818605
7.552606 43.815057
7.561580 43.789442
7.556706 43.803287
7.557164 43.806257
7.559310 43.829771
7.564579 43.814011
7.561878 43.800091
7.558269 43.805439
7.566455 43.792684
7.562096 43.802691
7.563860 43.804313
7.557371 43.806752
7.572039 43.805463
7.557736 43.804509
7.554666 43.806321
7.559807 43.799365
7.561188 43.799595
7.559778 43.800614
7.556799 43.808885
7.557509 43.832612
7.557830 43.801275
7.563699 43.818414
7.567447 43.794378
7.555912 43.805264
7.560281 43.813157
7.558478 43.799936
7.559518 43.800376
7.567699 43.799225
7.563456 43.801740
7.554483 43.806972
7.560955 43.797203
7.562290 43.801015
7.554008 43.810902
7.560780 43.806677
7.563306 43.801609
7.559858 43.800484
7.559571 43.808085
7.559308 43.807744
7.571866 43.798704
7.564971 43.820006
7.561726 43.800315
7.560882 43.800409
7.558281 43.789707
7.561848 43.806931
7.562743 43.804208
7.556375 43.801844
7.550080 43.815000
7.557098 43.801528
7.563704 43.802022
7.561821 43.805057
7.560577 43.801375
7.558667 43.806485
7.558989 43.801249
7.561526 43.806036
7.559167 43.800150
7.559173 43.799537
7.557408 43.802339
7.555043 43.805282
7.560489 43.804034
7.557543 43.805164
7.555626 43.806467
7.555556 43.811517
7.561759 43.805788
7.555379 43.806033
7.559382 43.806038
7.557586 43.818585
7.561120 43.800604
7.556533 43.799938
7.558274 43.800273
7.559715 43.802078
7.557698 43.804298
7.557889 43.800658
7.558004 43.801704
7.558796 43.799340
7.563098 43.801672
7.556972 43.802101
7.572254 43.794003
7.554336 43.814934
7.567767 43.795502
7.562142 43.789657
7.560788 43.786893
7.566307 43.791834
7.562457 43.804517
7.561131 43.791419
7.562941 43.801075
7.557543 43.810383
7.555792 43.804155
7.554721 43.803805
7.557080 43.794654
7.556258 43.806995
7.556021 43.807630
7.556316 43.806515
7.555937 43.803893
7.561526 43.806653
7.553303 43.814455
7.555723 43.804452
7.554636 43.810328
7.558449 43.804173
7.554865 43.819297
7.561374 43.802217
7.556692 43.805214
7.554004 43.795244
7.558605 43.808857
7.560886 43.801948
7.562813 43.802162
7.554646 43.809213
7.555826 43.803728
7.560928 43.819259
7.554887 43.804773
7.564865 43.799553
7.567612 43.812977
7.556798 43.801543
7.556278 43.793917
7.558393 43.801920
7.563772 43.803653
7.558198 43.797702
7.559704 43.807593
7.564051 43.792274
7.561092 43.799534
7.554573 43.788757
7.557976 43.809564
7.561779 43.806167
7.563070 43.801486
7.561832 43.800584
7.564248 43.792139
7.558707 43.801888
7.556226 43.807637
7.559535 43.799508
7.553802 43.815814
7.560497 43.794476
7.559104 43.808631
7.555582 43.803497
7.562573 43.804739
7.555407 43.805651
7.561032 43.804348
7.608328 43.791853
7.560710 43.799229
7.570415 43.797707
7.556319 43.808742
7.565568 43.774497
7.560073 43.807238
7.560808 43.805742
7.556800 43.801678
7.561021 43.796018
7.559193 43.808906
7.556163 43.805425
7.551808 43.801195
7.556928 43.801336
7.558631 43.805681
7.560727 43.800719
7.558045 43.804717
7.557322 43.803125
7.566873 43.801653
7.573564 43.792360
7.563642 43.801217
7.560235 43.807626
7.556862 43.806095
7.565674 43.812375
7.555169 43.803718
7.563909 43.797598
7.556584 43.807017
7.559454 43.799940
7.554667 43.803953
7.560167 43.802701
7.564625 43.837797
7.558949 43.800469
7.576156 43.812979
7.562071 43.799580
7.563449 43.800929
7.558432 43.791561
7.561069 43.803104
7.561308 43.790481
7.554770 43.807679
7.565087 43.807747
7.559937 43.801020
7.558677 43.803512
7.562753 43.799906
7.561499 43.815045
7.561636 43.806017
7.565260 43.799109
7.570448 43.789802
7.553247 43.792481
7.562631 43.803367
7.556925 43.803282
7.562476 43.803694
7.570357 43.790980
7.558174 43.800791
7.555856 43.804064
7.569315 43.810913
7.560296 43.805330
7.556444 43.801145
7.556325 43.806257
7.559765 43.799657
7.563765 43.802567
7.562157 43.799503
7.560391 43.803201
7.561463 43.806570
7.562982 43.805927
7.555630 43.814820
7.557706 43.808345
7.561504 43.809337
7.563146 43.805552
7.559326 43.799503
7.558389 43.801947
7.556543 43.793610
7.559407 43.807731
7.562688 43.804994
7.567960 43.814373
7.554702 43.806836
7.563847 43.814836
7.563462 43.800444
7.553951 43.803197
7.562317 43.818228
7.569051 43.805815
7.565521 43.803720
7.568175 43.803908
7.556089 43.807924
7.555163 43.808845
7.554528 43.803830
7.557290 43.796141
7.561721 43.799354
7.559922 43.799390
7.563764 43.805556
7.555106 43.808668
7.556629 43.809959
7.554235 43.814488
7.567019 43.804911
7.555975 43.797386
7.559759 43.802738
7.556461 43.804599
7.558099 43.810021
7.591075 43.753352
7.552397 43.804053
7.562516 43.801779
7.559266 43.799822
7.559690 43.805632
7.555520 43.808880
7.557590 43.809496
7.556688 43.806766
7.563601 43.806046
7.562673 43.799442
7.558274 43.808133
7.562896 43.802865
7.559959 43.804422
7.567608 43.812876
7.573549 43.790419
7.553564 43.809090
7.550830 43.799728
7.557107 43.809319
7.567712 43.782007
7.562176 43.806215
7.560427 43.794354
7.554777 43.805466
7.561859 43.806729
7.556127 43.806617
7.557646 43.802436
7.554556 43.808627
7.556023 43.803466
7.563939 43.801067
7.556382 43.805206
7.561228 43.802309
7.566161 43.811065
7.553926 43.804206
7.554422 43.805884
7.561333 43.805928
7.555530 43.808450
7.559349 43.804185
7.554087 43.813045
7.562288 43.799851
7.556330 43.807968
7.572621 43.789492
7.560732 43.799568
7.568372 43.794543
7.563426 43.802869
7.565057 43.792076
7.561133 43.807989
7.564088 43.816713
7.560100 43.799324
7.566009 43.813684
7.553799 43.811275
7.554557 43.807946
7.572333 43.800550
7.584672 43.803820
7.562795 43.805725
7.554885 43.827629
7.561244 43.803440
7.562722 43.805915
7.561247 43.808909
7.565680 43.810545
7.561844 43.808019
7.578471 43.796553
7.563092 43.802862
7.551071 43.809149
7.559715 43.799611
7.563523 43.799260
7.557017 43.809614
7.568277 43.797817
7.557581 43.807485
7.560485 43.811026
7.572221 43.790030
7.558114 43.809151
7.556745 43.812944
7.557104 43.808185
7.559618 43.808689
7.561745 43.808006
7.561919 43.808453
7.554500 43.807297
7.563698 43.800912
7.559290 43.802732
7.557469 43.804546
7.547184 43.794008
7.562359 43.800213
7.554531 43.808512
7.555638 43.806155
7.574347 43.814567
7.561185 43.792201
7.537693 43.826728
7.561918 43.820834
7.559649 43.790629
7.560936 43.801425
7.558287 43.802363
7.557808 43.803726
7.560253 43.800478
7.567793 43.813970
7.559997 43.808796
7.555633 43.808688
7.561976 43.808952
7.559707 43.805774
7.562275 43.804892
7.559281 43.800824
7.559196 43.809485
7.561600 43.807353
7.559549 43.809519
7.557916 43.809250
7.556614 43.802183
7.566689 43.799403
7.559345 43.809113
7.571658 43.791978
7.560779 43.799986
7.557588 43.801720
7.560100 43.809363
7.561974 43.803315
7.563966 43.804392
7.554758 43.804618
7.561296 43.803861
7.557584 43.808437
7.558294 43.808266
7.559304 43.772686
7.560008 43.810353
7.560732 43.803059
7.562674 43.802537
7.558750 43.800353
7.565170 43.799038
7.555708 43.808372
7.572002 43.794324
7.557134 43.793311
7.561463 43.806030
7.572867 43.803725
7.561550 43.800743
7.563734 43.805317
7.563789 43.801191
7.570135 43.802724
7.557198 43.806126
7.557924 43.819856
7.554748 43.797377
7.559256 43.803050
7.555393 43.807183
7.563166 43.800310
7.561135 43.800848
7.554459 43.803617
7.559458 43.803529
7.561640 43.807628
7.557915 43.809883
7.570545 43.790605
7.564436 43.820235
7.555268 43.815615
7.556238 43.815858
7.558295 43.806558
7.563761 43.805384
7.555666 43.805614
7.562362 43.803175
7.559381 43.809854
7.560105 43.806343
7.558476 43.800209
7.567164 43.791117
7.558725 43.795340
7.559366 43.803700
7.560432 43.800364
7.561318 43.791210
7.560368 43.808868
7.560284 43.801967
7.554399 43.807805
7.556358 43.808871
7.562826 43.804417
7.553268 43.798451
7.557686 43.814979
7.558727 43.809324
7.555708 43.808448
7.550785 43.801345
7.559217 43.801879
7.558800 43.810259
7.555317 43.807402
7.561305 43.806941
7.560085 43.800132
7.558063 43.806465
7.573172 43.798170
7.557779 43.804106
7.554844 43.813502
7.555785 43.799937
7.557863 43.802511
7.557715 43.802416
7.555120 43.807527
7.573746 43.790080
7.557941 43.803645
7.559054 43.797873
7.562330 43.800890
7.568402 43.797474
7.551754 43.815241
7.554897 43.804293
7.549610 43.804940
7.553285 43.798387
7.550664 43.815701
7.563342 43.799703
7.564108 43.791418
7.560673 43.804522
7.563606 43.805445
7.554695 43.802797
7.558934 43.800356
7.554635 43.804905
7.560141 43.804096
7.560433 43.799208
7.559567 43.815843
7.554637 43.802637
7.561796 43.799098
7.561325 43.799987
7.555511 43.808604
7.551642 43.801756
7.555080 43.794082
7.562052 43.807849
7.573124 43.807597
7.560473 43.799092
7.561872 43.799078
7.554964 43.802951
7.562980 43.815307
7.559144 43.802326
7.558051 43.809684
7.561512 43.808666
7.564353 43.802699
7.566286 43.812965
7.561785 43.802388
7.561304 43.796690
7.550547 43.804532
7.560355 43.798403
7.559506 43.806262
7.560357 43.807664
7.567750 43.807837
7.561750 43.801410
7.560580 43.807088
7.560195 43.809115
7.555201 43.802343
7.554563 43.795329
7.580494 43.805606
7.560887 43.797958
7.563586 43.791844
7.556979 43.807829
7.560322 43.798556
7.563209 43.802231
7.561497 43.804641
7.554774 43.809355
7.560731 43.807398
7.555702 43.808071
7.561121 43.822938
7.561887 43.798992
7.554702 43.808020
7.557917 43.805443
7.557241 43.805136
7.558003 43.806933
7.559437 43.799348
7.569169 43.808801
7.548599 43.817344
7.569068 43.789495
7.560900 43.797838
7.558169 43.804347
7.571197 43.782539
7.572565 43.788345
7.561714 43.799617
7.558955 43.808242
7.562964 43.800015
7.562508 43.796687
7.569880 43.804899
7.558482 43.789603
7.562031 43.799749
7.572543 43.790184
7.560395 43.798080
7.558547 43.805795
7.557903 43.793265
7.559743 43.810391
7.555225 43.805232
7.561685 43.796876
7.557037 43.803721
7.559752 43.806746
7.574763 43.803737
7.551466 43.815140
7.559156 43.800857
7.587774 43.815234
7.559975 43.799907
7.562769 43.799579
7.558756 43.805706
7.554914 43.808837
7.556461 43.800780
7.560768 43.820221
7.554974 43.803122
7.560548 43.802649
7.558019 43.799262
7.570483 43.798825
7.560238 43.806995
7.564030 43.798819
7.555481 43.802983
7.557660 43.799307
7.562706 43.798239
7.559532 43.804341
7.555391 43.820108
7.558078 43.810367
7.566960 43.792062
7.570391 43.793921
7.548581 43.792129
7.563625 43.798458
7.564713 43.820246
7.558038 43.830992
7.560508 43.808143
7.563120 43.806525
7.558788 43.811751
7.556177 43.802231
7.556428 43.802702
7.558821 43.805730
7.555085 43.793677
7.560044 43.810159
7.561735 43.798462
7.563441 43.803838
7.560820 43.806104
7.560712 43.804402
7.557396 43.799332
7.556148 43.802398
7.563564 43.806065
7.557122 43.817141
7.558381 43.805783
7.562326 43.799728
7.556926 43.803802
7.560717 43.820504
7.561254 43.803552
7.563626 43.798810
7.558182 43.800080
7.558239 43.786440
7.556027 43.806219
7.563281 43.803376
7.557782 43.800260
7.560880 43.798082
7.560106 43.803340
7.558712 43.808485
7.555961 43.807661
7.561617 43.798128
7.563858 43.808266
7.562608 43.802213
7.562733 43.804864
7.557205 43.799453
7.555634 43.802333
7.570808 43.800367
7.556019 43.806696
7.560196 43.817143
7.562323 43.801801
7.555876 43.784230
7.571046 43.781264
7.560270 43.806447
7.559482 43.806685
7.568109 43.812836
7.558451 43.790639
7.565718 43.801980
7.557850 43.805383
7.550888 43.806685
7.565720 43.801894
7.555609 43.810016
7.559598 43.799045
7.559196 43.790908
7.558516 43.798912
7.555207 43.809645
7.562158 43.798638
7.556157 43.808348
7.559181 43.800734
7.554399 43.810417
7.549869 43.819856
7.561367 43.800790
7.562465 43.807083
7.555711 43.813785
7.561063 43.800744
7.559126 43.799118
7.554862 43.809156
7.563868 43.803487
7.559832 43.798608
7.555657 43.802477
7.563889 43.798010
7.561654 43.808460
7.562234 43.786675
7.555835 43.803360
7.556393 43.802712
7.564985 43.802054
7.556027 43.810261
7.558896 43.809747
7.558663 43.797912
7.562668 43.804325
7.555026 43.810365
7.558784 43.797851
7.567535 43.794470
7.559142 43.795371
7.555257 43.807282
7.565208 43.801884
7.554695 43.811804
7.573596 43.823671
7.554935 43.808066
7.555580 43.810177
7.558846 43.798511
7.560127 43.798397
7.556074 43.810242
7.561074 43.803898
7.560598 43.798570
7.555535 43.792573
7.555662 43.798988
7.560167 43.802372
7.565055 43.793364
7.555005 43.805484
7.559123 43.806864
7.560823 43.812158
7.561766 43.820973
7.562634 43.807223
7.563310 43.797898
7.565732 43.787811
7.567920 43.839941
7.560370 43.800259
7.559906 43.797916
7.557236 43.801893
7.554393 43.803057
7.559812 43.798609
7.560403 43.815067
7.565973 43.800772
7.556890 43.800939
7.555804 43.810112
7.555315 43.820129
7.563555 43.788047
7.557481 43.800561
7.567002 43.798522
7.554539 43.805810
7.555264 43.807311
7.559328 43.809880
7.566948 43.806022
7.561427 43.805780
7.563673 43.805058
7.550563 43.802660
7.576243 43.783303
7.559591 43.797882
7.560465 43.802849
7.558210 43.799490
7.566356 43.790395
7.568935 43.811148
7.563187 43.802268
7.560134 43.809863
7.556361 43.808374
7.575781 43.813416
7.559548 43.799179
7.556455 43.805997
7.560327 43.798533
7.564429 43.801691
7.563682 43.801756
7.554634 43.795996
7.568780 43.801080
7.563170 43.810389
7.558254 43.798399
7.565472 43.802734
7.561091 43.808426
7.555897 43.809696
7.558973 43.798116
7.558548 43.809069
7.559020 43.799573
7.563895 43.801926
7.562762 43.796101
7.547416 43.790448
7.565203 43.801233
7.563567 43.788820
7.572019 43.793586
7.561866 43.799795
7.556169 43.808013
7.559430 43.798064
7.560316 43.806026
7.556186 43.803166
7.569429 43.792100
7.561490 43.799829
7.565469 43.800373
7.554632 43.808260
7.564585 43.799425
7.562033 43.798364
7.556381 43.804526
7.555078 43.809771
7.558753 43.819807
7.555337 43.810314
7.566699 43.802173
7.556712 43.806749
7.560355 43.797874
7.552755 43.802930
7.564190 43.800185
7.559981 43.796275
7.566550 43.805363
7.562896 43.807594
7.564653 43.799406
7.560168 43.798022
7.559181 43.804864
7.558258 43.815262
7.560773 43.799959
7.561537 43.803839
7.560046 43.798481
7.561298 43.801337
7.563403 43.798719
7.565174 43.802297
7.556025 43.802921
7.573241 43.792226
7.561399 43.822266
7.560657 43.810274
7.568973 43.787383
7.561124 43.810099
7.561390 43.809984
7.560942 43.806761
7.553680 43.800410
7.560080 43.802013
7.559574 43.798432
7.554389 43.807538
7.553892 43.793565
7.564516 43.800545
7.561240 43.810265
7.555762 43.809768
7.557224 43.804925
7.560126 43.795850
7.572715 43.804764
7.558626 43.798232
7.556128 43.797114
7.564696 43.804462
7.554863 43.806331
7.564719 43.800726
7.558285 43.798944
7.561439 43.802606
7.556400 43.809431
7.548777 43.772504
7.567231 43.836511
7.564942 43.803486
7.564667 43.802740
7.560259 43.801104
7.558286 43.799276
7.561532 43.809750
7.557543 43.811508
7.571519 43.799197
7.556697 43.811705
7.562637 43.805106
7.555507 43.804750
7.564982 43.803855
7.566307 43.813340
7.558388 43.806547
7.553516 43.809995
7.550385 43.822819
7.564295 43.802903
7.555039 43.802532
7.564604 43.800017
7.561625 43.802966
7.560569 43.798216
7.558000 43.804390
7.557713 43.800501
7.562428 43.802501
7.559440 43.807696
7.558648 43.798542
7.565636 43.800936
7.556156 43.794765
7.560780 43.809317
7.565208 43.804611
7.563273 43.801180
7.557993 43.801017
7.562128 43.809778
7.559449 43.836060
7.562454 43.796122
7.564908 43.804094
7.554692 43.802089
7.562035 43.786474
7.557012 43.811355
7.564463 43.801145
7.556098 43.805146
7.560103 43.807921
7.557367 43.806253
7.563316 43.819148
7.559147 43.790803
7.556471 43.800108
7.556934 43.805259
7.557158 43.811496
7.564396 43.816296
7.557542 43.796035
7.561675 43.784007
7.565697 43.804132
7.568937 43.787811
7.563602 43.804165
7.559517 43.799543
7.554475 43.808749
7.556809 43.799372
7.573437 43.806327
7.561135 43.806993
7.553425 43.803030
7.560582 43.809792
7.563991 43.798537
7.550415 43.804309
7.556414 43.808608
7.550541 43.798020
7.556439 43.810545
7.557548 43.805022
7.557285 43.804631
7.558652 43.799957
7.559614 43.799093
7.565907 43.799837
7.547825 43.810921
7.560044 43.801161
7.554867 43.786931
7.556600 43.807282
7.560660 43.805414
7.563904 43.798608
7.560631 43.783877
7.554925 43.808942
7.557801 43.803166
7.553291 43.797185
7.554910 43.809593
7.565011 43.790087
7.561384 43.806138
7.565745 43.801679
7.568505 43.787854
7.573788 43.797071
7.585139 43.796501
7.559021 43.809739
7.556453 43.801287
7.561730 43.822199
7.561302 43.800684
7.557537 43.802236
7.570017 43.798434
7.561442 43.798208
7.555598 43.802941
7.567577 43.811905
7.565491 43.804312
7.569034 43.802705
7.559141 43.811672
7.566099 43.802992
7.564136 43.801357
7.559169 43.808150
7.561302 43.798980
7.555202 43.800734
7.575474 43.795616
7.562456 43.802045
7.562063 43.799617
7.555637 43.801855
7.575749 43.796155
7.554986 43.800421
7.558445 43.800952
7.555116 43.800744
7.558791 43.798432
7.562702 43.798434
7.570702 43.823081
7.566078 43.787425
7.559560 43.810498
7.559070 43.805836
7.563074 43.787979
7.571876 43.791179
7.559813 43.811705
7.555903 43.802515
7.555117 43.801653
7.559546 43.809674
7.562841 43.804809
7.561326 43.809535
7.558538 43.817121
7.555671 43.810076
7.559840 43.804688
7.563717 43.801797
7.554819 43.801016
7.556977 43.811949
7.563724 43.786587
7.571113 43.807992
7.559702 43.810484
7.562783 43.803931
7.563089 43.802664
7.561434 43.798922
7.577658 43.795068
7.547551 43.796680
7.561609 43.811064
7.556092 43.800892
7.575204 43.820160
7.564978 43.801623
7.561403 43.808528
7.561595 43.809153
7.556045 43.801404
7.558695 43.800943
7.555441 43.805114
7.558772 43.809136
7.561294 43.803361
7.562558 43.807876
7.555931 43.808322
7.556804 43.800903
7.561283 43.808788
7.554491 43.802640
7.551022 43.813889
7.559342 43.811065
7.565726 43.801773
7.560710 43.803369
7.556354 43.810847
7.561682 43.791502
7.561490 43.801038
7.555766 43.803749
7.554509 43.801691
7.555544 43.802096
7.573356 43.776855
7.560488 43.806193
7.565675 43.798055
7.557192 43.793411
7.557579 43.804550
7.550849 43.817136
7.559840 43.805017
7.563586 43.802631
7.554967 43.809505
7.572182 43.795235
7.581560 43.801269
7.567990 43.808943
7.564010 43.808308
7.563816 43.797734
7.576223 43.797137
7.578916 43.779129
7.559854 43.804580
7.564709 43.803279
7.559214 43.810716
7.555898 43.806997
7.561768 43.797661
7.562070 43.798897
7.558152 43.807456
7.561231 43.812651
7.563612 43.787355
7.558081 43.805878
7.566036 43.820738
7.564144 43.803539
7.563692 43.797201
7.559595 43.798525
7.577643 43.797658
7.557524 43.804661
7.560209 43.796953
7.555758 43.801752
7.562940 43.805866
7.565818 43.801472
7.555585 43.803729
7.563991 43.800614
7.576662 43.792960
7.558379 43.808652
7.565385 43.801850
7.559495 43.810751
7.557503 43.808684
7.554539 43.802677
7.573688 43.790590
7.567815 43.789779
7.553028 43.795496
7.554735 43.805960
7.560214 43.804532
7.561741 43.797094
7.566997 43.798054
7.562894 43.808612
7.549158 43.806678
7.563949 43.798711
7.556305 43.810280
7.565963 43.805980
7.564714 43.799005
7.558398 43.797276
7.565264 43.805527
7.554558 43.800718
7.557827 43.811441
7.555670 43.801729
7.552096 43.813636
7.561780 43.801539
7.556551 43.795131
7.561042 43.799079
7.565226 43.803158
7.565417 43.798220
7.556327 43.799431
7.546781 43.806495
7.561378 43.796545
7.557914 43.811815
7.555651 43.803714
7.564510 43.806207
7.560487 43.799213
7.561104 43.801413
7.564411 43.803957
7.597493 43.787953
7.566755 43.798706
7.564728 43.804949
7.565552 43.802035
7.566330 43.839312
7.566921 43.815795
7.561908 43.806053
7.575269 43.798339
7.559729 43.810632
7.576432 43.799277
7.565806 43.789926
7.560518 43.796653
7.558876 43.805508
7.557626 43.807242
7.556016 43.800920
7.576703 43.792276
7.554516 43.802122
7.565616 43.798186
7.563122 43.796589
7.577254 43.795425
7.558397 43.798638
7.564377 43.813263
7.555025 43.806031
7.565049 43.804948
7.555365 43.796030
7.562854 43.798347
7.563019 43.798692
7.577284 43.799715
7.565417 43.821150
7.558424 43.790938
7.562442 43.796914
7.560330 43.805770
7.583000 43.783596
7.561532 43.809978
7.556434 43.811512
7.564235 43.800701
7.567439 43.811086
7.565218 43.800878
7.557639 43.807657
7.554091 43.811511
7.554098 43.796233
7.559823 43.807292
7.567709 43.809348
7.555250 43.800895
7.549948 43.806411
7.569359 43.785742
7.553753 43.806912
7.557892 43.800212
7.558696 43.798472
7.558514 43.810689
7.555802 43.811417
7.554735 43.811050
7.560950 43.808197
7.558501 43.797718
7.644373 43.773583
7.557383 43.797934
7.554124 43.806597
7.565158 43.803704
7.576703 43.797898
7.563795 43.808445
7.559081 43.798718
7.570970 43.807554
7.566088 43.815514
7.555457 43.796414
7.576608 43.799456
7.574823 43.796638
7.553800 43.807257
7.574503 43.794619
7.554394 43.804083
7.547420 43.806536
7.557186 43.795517
7.571188 43.820797
7.620106 43.794606
7.563457 43.811056
7.561462 43.805499
7.555548 43.810843
7.561932 43.815314
7.552758 43.806130
7.548749 43.809569
7.557272 43.807722
7.555689 43.796484
7.557064 43.798471
7.565044 43.798432
7.563465 43.797823
7.565039 43.801025
7.560167 43.811404
7.549724 43.810403
7.555722 43.811141
7.551264 43.815130
7.555555 43.811390
7.551429 43.796934
7.564926 43.798293
7.559882 43.823103
7.565748 43.803853
7.552572 43.814623
7.558605 43.793471
7.561173 43.808571
7.559087 43.804321
7.553740 43.807462
7.572474 43.809141
7.557060 43.798296
7.559222 43.786912
7.560147 43.802810
7.564174 43.805887
7.560890 43.808389
7.555063 43.811277
7.554902 43.811766
7.572039 43.804456
7.563784 43.821201
7.577202 43.794459
7.567452 43.814894
7.564172 43.803751
7.557845 43.797809
7.553870 43.806113
7.565200 43.799731
7.565570 43.804792
7.558618 43.805892
7.562347 43.808940
7.569250 43.793542
7.564499 43.798450
7.564516 43.802472
7.556277 43.801895
7.558162 43.795968
7.564068 43.800355
7.566016 43.786963
7.552865 43.807970
7.557394 43.801835
7.558324 43.811851
7.552436 43.806370
7.565242 43.803334
7.560584 43.810144
7.572367 43.760674
7.555593 43.811979
7.564402 43.798830
7.549785 43.806679
7.561914 43.805447
7.570672 43.792445
7.565679 43.800631
7.569744 43.795866
7.555964 43.815102
7.575969 43.797418
7.555539 43.807925
7.554722 43.795514
7.555296 43.800731
7.548353 43.807170
7.555867 43.810335
7.556616 43.822908
7.558274 43.808887
7.558816 43.807811
7.573663 43.789290
7.563384 43.808320
7.564721 43.804233
7.555656 43.809310
7.555524 43.821189
7.561678 43.811674
7.560450 43.810594
7.579916 43.785617
7.552560 43.808037
7.558362 43.804821
7.554847 43.791799
7.561213 43.809713
7.560242 43.811170
7.548366 43.811096
7.548287 43.798736
7.556479 43.789666
7.559499 43.796657
7.575543 43.799553
7.556561 43.797305
7.572169 43.807418
7.566223 43.803806
7.557008 43.789381
7.559580 43.803962
7.557442 43.798583
7.559914 43.807154
7.559882 43.811439
7.569996 43.788384
7.576924 43.795807
7.564557 43.796846
7.558531 43.800789
7.558609 43.807646
7.555143 43.789837
7.550531 43.806479
7.561590 43.800882
7.558405 43.807307
7.574822 43.793671
7.554711 43.822248
7.548854 43.808477
7.555239 43.800927
7.561321 43.804824
7.565071 43.800704
7.555362 43.803368
7.557066 43.798607
7.557643 43.800440
7.557875 43.810947
7.555172 43.801567
7.556024 43.808674
7.551233 43.815499
7.547213 43.809541
7.553474 43.809026
7.559909 43.797217
7.555367 43.809892
7.547933 43.807931
7.560230 43.810988
7.546720 43.792157
7.602267 43.782146
7.564874 43.802298
7.548181 43.809325
7.568847 43.816852
7.563099 43.804629
7.556732 43.789470
7.557182 43.810367
7.554355 43.805878
7.557101 43.808414
7.555824 43.811635
7.558505 43.809579
7.554171 43.799282
7.577474 43.791025
7.570831 43.788081
7.564285 43.800770
7.588036 43.817034
7.559239 43.798328
7.552723 43.804351
7.553228 43.804075
7.564750 43.805439
7.565639 43.806495
7.561332 43.820589
7.569078 43.798628
7.559066 43.796623
7.561345 43.811218
7.553068 43.803833
7.565375 43.816420
7.567362 43.810657
7.557784 43.811357
7.575876 43.789365
7.570889 43.787265
7.555982 43.790852
7.564454 43.806011
7.559218 43.797162
7.554184 43.817396
7.560825 43.814968
7.562023 43.803848
7.553000 43.807894
7.552376 43.797362
7.553556 43.805144
7.556996 43.809675
7.549711 43.811146
7.565896 43.787097
7.562969 43.808418
7.554649 43.816840
7.559352 43.797173
7.556099 43.801116
7.548419 43.807786
7.553455 43.804181
7.551870 43.798892
7.555964 43.811404
7.562473 43.803676
7.556889 43.808031
7.558121 43.810389
7.564175 43.806480
7.563641 43.789164
7.558286 43.805708
7.571151 43.802884
7.556358 43.807544
7.563021 43.810093
7.556348 43.812124
7.554210 43.803516
7.577597 43.791572
7.577141 43.790676
7.564253 43.799418
7.557797 43.806188
7.561264 43.806634
7.564812 43.795467
7.550831 43.821937
7.555910 43.795331
7.566191 43.801596
7.549786 43.804246
7.561192 43.796859
7.554078 43.805098
7.566042 43.802003
7.555817 43.800207
7.559927 43.816705
7.558727 43.813056
7.568181 43.836435
7.554497 43.791588
7.555489 43.801230
7.560810 43.791559
7.548223 43.805543
7.561003 43.809658
7.557883 43.791774
7.547851 43.806112
7.564761 43.806350
7.560211 43.807423
7.552916 43.810444
7.552820 43.809287
7.549851 43.804410
7.566223 43.800015
7.566489 43.781822
7.553985 43.807228
7.564366 43.801735
7.560519 43.804387
7.555107 43.815838
7.551001 43.813130
7.554857 43.811972
7.567752 43.800018
7.548698 43.807992
7.559841 43.797113
7.560662 43.802976
7.555200 43.813249
7.559656 43.788857
7.553153 43.809495
7.555824 43.799594
7.568637 43.812635
7.554195 43.805615
7.547864 43.805179
7.563950 43.797842
7.567164 43.800531
7.562144 43.795701
7.560462 43.795230
7.547090 43.806406
7.561317 43.805352
7.557254 43.812667
7.556863 43.809036
7.560904 43.795575
7.567394 43.802003
7.554063 43.807860
7.553282 43.799804
7.560614 43.796483
7.560008 43.799273
7.561269 43.797700
7.553557 43.804685
7.558271 43.788297
7.561663 43.809031
7.556249 43.806185
7.567308 43.802398
7.559249 43.801360
7.563873 43.810393
7.557755 43.811970
7.555683 43.799932
7.563661 43.813007
7.559745 43.821173
7.576593 43.802736
7.549887 43.804007
7.546944 43.804304
7.554438 43.793794
7.553461 43.808124
7.560789 43.795679
7.563034 43.804972
7.550679 43.802609
7.554826 43.792004
7.558725 43.808214
7.560284 43.796226
7.562060 43.795191
7.550032 43.810878
7.563972 43.802896
7.562765 43.795899
7.559575 43.812416
7.556940 43.803539
7.555628 43.801616
7.564406 43.802265
7.560616 43.795945
7.551377 43.819915
7.565680 43.796533
7.557227 43.805378
7.552741 43.803503
7.552750 43.818250
7.566109 43.803426
7.564758 43.804817
7.562069 43.805608
7.554941 43.809266
7.561697 43.810789
7.568749 43.803879
7.558938 43.787750
7.556763 43.799568
7.552582 43.810463
7.558022 43.798490
7.561691 43.817276
7.562909 43.807393
7.558114 43.801662
7.567502 43.799338
7.574156 43.799514
7.567734 43.815662
7.566818 43.790982
7.547918 43.810833
7.555591 43.792142
7.574963 43.790428
7.555990 43.821541
7.556296 43.800218
7.552872 43.805263
7.561314 43.824408
7.564295 43.820523
7.568520 43.833066
7.554976 43.811354
7.570150 43.810017
7.560796 43.801314
7.602170 43.781110
7.567330 43.795034
7.574677 43.797806
7.569602 43.811307
7.563287 43.806056
7.566548 43.801156
7.562513 43.807968
7.556140 43.800691
7.554267 43.807487
7.552652 43.804083
7.561248 43.796104
7.569043 43.813448
7.547311 43.803511
7.563215 43.799974
7.553833 43.805516
7.558869 43.796521
7.574695 43.786115
7.564650 43.795207
7.558083 43.814302
7.570028 43.809945
7.556294 43.812177
7.562403 43.804162
7.549300 43.811512
7.565179 43.795368
7.556880 43.810520
7.548580 43.808223
7.564956 43.798776
7.553808 43.819255
7.566441 43.798905
7.568539 43.802794
7.561932 43.798852
7.552533 43.821749
7.563552 43.811153
7.554690 43.815178
7.553541 43.795567
7.553250 43.802698
7.558982 43.817354
7.594616 43.774779
7.591882 43.792290
7.557664 43.813065
7.562819 43.806775
7.563733 43.808970
7.560846 43.795068
7.567425 43.810620
7.563308 43.810325
7.567353 43.802266
7.559119 43.798630
7.560437 43.807586
7.572421 43.811011
7.565901 43.806933
7.563225 43.802398
7.547454 43.803507
7.565065 43.808804
7.556177 43.822302
7.560705 43.812274
7.560260 43.795690
7.546966 43.783862
7.559215 43.811478
7.554672 43.790273
7.567528 43.789137
7.565505 43.801093
7.548572 43.784819
7.557279 43.797836
7.587199 43.791256
7.568300 43.791446
7.553326 43.804090
7.571638 43.817661
7.574131 43.802958
7.566292 43.800574
7.553904 43.800248
7.561876 43.808810
7.555761 43.812424
7.563838 43.807082
7.564710 43.795682
7.559123 43.816680
7.554708 43.821264
7.563206 43.801737
7.549438 43.803483
7.559231 43.792583
7.565736 43.788394
7.555716 43.811298
7.564479 43.801001
7.567240 43.813243
7.554164 43.805285
7.577682 43.815627
7.557222 43.790567
7.555452 43.808420
7.565257 43.795904
7.563854 43.772922
7.553562 43.811753
7.566306 43.800267
7.561687 43.822862
7.547646 43.814600
7.550236 43.813972
7.548995 43.805836
7.564428 43.798924
7.561244 43.788902
7.561395 43.795955
7.561242 43.813131
7.575452 43.801682
7.553537 43.802764
7.564759 43.802771
7.554566 43.803266
7.548057 43.805073
7.576961 43.801035
7.559147 43.796394
7.569173 43.802556
7.558545 43.795349
7.585808 43.791934
7.566048 43.800633
7.567138 43.800416
7.564069 43.799128
7.560769 43.794928
7.563754 43.805897
7.557360 43.791816
7.553856 43.817915
7.568740 43.790077
7.576602 43.787524
7.573344 43.826574
7.564421 43.798083
7.557361 43.802930
7.556901 43.813704
7.554872 43.801597
7.565737 43.813292
7.566554 43.794916
7.550969 43.793176
7.546698 43.806478
7.586065 43.789449
7.594115 43.773551
7.581913 43.806925
7.559441 43.795611
7.558617 43.795484
7.553732 43.797599
7.556347 43.814430
7.552301 43.819283
7.558075 43.813523
7.566599 43.805393
7.556116 43.799407
7.563082 43.810752
7.551516 43.807297
7.573513 43.786648
7.567900 43.800784
7.560128 43.813600
7.552572 43.803191
7.555931 43.798015
7.572106 43.795596
7.553100 43.808742
7.552740 43.806604
7.548352 43.814513
7.553856 43.827648
7.559910 43.795424
7.563883 43.808617
7.554851 43.798240
7.567386 43.808098
7.565481 43.808060
7.556195 43.790059
7.559780 43.795476
7.564483 43.791322
7.555984 43.803705
7.562061 43.809214
7.564626 43.796774
7.552072 43.790412
7.564003 43.801166
7.548641 43.806702
7.552470 43.803350
7.564594 43.801555
7.564296 43.807820
7.571755 43.810840
7.567880 43.804169
7.569970 43.808572
7.567667 43.784938
7.568421 43.784676
7.561652 43.807174
7.592041 43.791367
7.552033 43.792727
7.580631 43.804546
7.574273 43.781491
7.573389 43.824250
7.594263 43.803809
7.548712 43.808319
7.590996 43.761822
7.554445 43.794606
7.552972 43.816745
7.557073 43.813387
7.564282 43.803869
7.547651 43.808796
7.553210 43.800817
7.552706 43.801614
7.547902 43.787012
7.552991 43.811529
7.554087 43.793976
7.550943 43.795428
7.562232 43.801972
7.556170 43.800068
7.553171 43.801044
7.553784 43.796127
7.563924 43.811577
7.567850 43.784445
7.564947 43.784727
7.552226 43.811392
7.551253 43.825354
7.551079 43.804416
7.556112 43.798069
7.550220 43.813410
7.564718 43.806252
7.548797 43.809192
7.551259 43.791363
7.574106 43.804586
7.564436 43.798823
7.561215 43.813927
7.552281 43.789083
7.561465 43.814500
7.546728 43.801742
7.548807 43.811738
7.553573 43.803219
7.566903 43.800921
7.548473 43.788540
7.575216 43.789486
7.561894 43.795228
7.561236 43.810491
7.548913 43.801687
7.565123 43.784554
7.556932 43.793334
7.562480 43.808223
7.554581 43.814447
7.561236 43.811691
7.556347 43.824692
7.551099 43.812063
7.549214 43.812204
7.548121 43.802029
7.559389 43.809654
7.553854 43.800897
7.547846 43.788952
7.551122 43.817780
7.555608 43.813369
7.602982 43.794980
7.566698 43.804401
7.566299 43.811477
7.566593 43.801565
7.571004 43.785210
7.554899 43.802311
7.591017 43.798556
7.576135 43.794225
7.561324 43.805985
7.562135 43.811601
7.556134 43.789841
7.564883 43.807715
7.568505 43.818867
7.558176 43.781381
7.552569 43.797398
7.567807 43.785914
7.553742 43.807992
7.563784 43.806133
7.572228 43.800826
7.549545 43.826617
7.551085 43.809827
7.594120 43.776620
7.564160 43.786588
7.571219 43.820346
7.554811 43.814801
7.561398 43.813602
7.552777 43.801384
7.550113 43.800970
7.547540 43.800959
7.575773 43.814691
7.569805 43.799291
7.548606 43.804617
7.567207 43.816066
7.555519 43.825236
7.554448 43.802525
7.552980 43.818318
7.576794 43.803937
7.554029 43.807928
7.592917 43.796303
7.575494 43.804142
7.556123 43.798578
7.569654 43.815419
7.561998 43.794337
7.577130 43.826561
7.562319 43.803623
7.552985 43.805743
7.550671 43.807999
7.550556 43.808210
7.566617 43.798192
7.570395 43.791189
7.568658 43.790769
7.571159 43.784451
7.580343 43.793804
7.565602 43.810152
7.566271 43.804308
7.548662 43.801391
7.551270 43.807891
7.547447 43.825329
7.547765 43.812827
7.551811 43.806567
7.565849 43.802001
7.555857 43.801179
7.569548 43.796756
7.551680 43.806904
7.581063 43.794331
7.550753 43.805482
7.550911 43.805208
7.565368 43.809238
7.551740 43.808153
7.553051 43.789030
7.551092 43.806197
7.573014 43.801714
7.552715 43.801524
7.552213 43.808123
7.551865 43.804949
7.551912 43.796707
7.565172 43.802111
7.563760 43.806047
7.551898 43.807911
7.565466 43.801967
7.547497 43.804175
7.548336 43.805841
7.575750 43.785085
7.554611 43.798866
7.556899 43.787256
7.549795 43.803516
7.559051 43.814360
7.580848 43.790808
7.557840 43.786816
7.569649 43.799198
7.565051 43.777799
7.551443 43.809222
7.568382 43.806009
7.549419 43.810399
7.574186 43.802049
7.556024 43.780019
7.567743 43.787191
7.549237 43.801977
7.576920 43.797660
7.566894 43.817016
7.548383 43.816228
7.552773 43.785547
7.565545 43.797554
7.556200 43.800029
7.550145 43.812042
7.567349 43.784407
7.568463 43.807817
7.575152 43.807072
7.574607 43.807700
7.568010 43.801012
7.580240 43.789619
7.565119 43.797239
7.547651 43.800911
7.550927 43.804498
7.555167 43.821390
7.559391 43.809769
7.555583 43.798539
7.550874 43.804002
7.551337 43.820646
7.567645 43.813077
7.548795 43.805135
7.550878 43.807195
7.559214 43.791977
7.554262 43.794331
7.582151 43.773777
7.569757 43.817837
7.553104 43.809344
7.570407 43.804174
7.568516 43.806204
7.554493 43.800766
7.597742 43.805967
7.571751 43.812725
7.557654 43.788763
7.565724 43.821074
7.570441 43.816858
7.570294 43.815393
7.567563 43.799763
7.572496 43.784157
7.576740 43.780650
7.554662 43.788393
7.576097 43.817706
7.580202 43.795945
7.549377 43.816200
7.549666 43.806989
7.568056 43.801002
7.555948 43.801502
7.557070 43.793031
7.564806 43.795040
7.551919 43.820818
7.555475 43.791190
7.551669 43.804279
7.572936 43.808084
7.551642 43.802417
7.550703 43.809004
7.551165 43.785348
7.568676 43.802450
7.555531 43.826723
7.568219 43.799791
7.567185 43.822326
7.556900 43.787292
7.569256 43.783829
7.558131 43.791235
7.558393 43.792097
7.561345 43.813494
7.570292 43.800291
7.568248 43.814978
7.568687 43.804355
7.556159 43.791526
7.553229 43.793443
7.570753 43.794406
7.548911 43.799871
7.544164 43.811084
7.548241 43.810223
7.551180 43.790398
7.567832 43.818477
7.575859 43.802754
7.549603 43.798349
7.569650 43.805461
7.575456 43.833579
7.559610 43.790673
7.587571 43.778601
7.561126 43.790709
7.564365 43.784816
7.551797 43.801013
7.551089 43.801099
7.550797 43.801460
7.582101 43.797456
7.603885 43.786993
7.574512 43.805987
7.574188 43.811106
7.565023 43.806215
7.579304 43.791739
7.547757 43.799738
7.556304 43.780461
7.543414 43.817102
7.538195 43.814804
7.548512 43.799864
7.554173 43.790944
7.531291 43.812130
7.568548 43.795335
7.541335 43.816389
7.547546 43.807218
7.555834 43.783813
7.534424 43.757198
7.546983 43.799969
7.561557 43.775777
7.556727 43.785220
7.547460 43.796958
7.584953 43.792528
7.616404 43.762289
7.573842 43.750558
7.551251 43.790034
7.564211 43.807949
7.543159 43.804139
7.539305 43.805067
7.545936 43.817444
7.549097 43.797894
7.540730 43.801872
7.546883 43.795051
7.576392 43.795631
7.548970 43.808164
7.549902 43.797076
7.562277 43.775386
7.554101 43.827376
7.556374 43.776720
7.557591 43.776527
7.544395 43.813248
7.577368 43.805932
7.544900 43.802689
7.546764 43.802595
7.574656 43.805409
7.547365 43.794641
7.589191 43.786132
7.531948 43.818766
7.580849 43.826168
7.542676 43.800253
7.584181 43.802188
7.574332 43.809929
7.538243 43.781120
7.537142 43.810905
