5.724290 5.848189
6.148968 5.668663
6.031673 6.237956
6.098339 5.698400
4.757688 5.210787
4.508427 5.615696
4.418586 5.527815
4.879193 5.606676
5.085896 5.357619
5.067857 5.516021
5.275239 5.352111
5.295112 5.319017
6.154510 5.021132
5.772160 5.156195
5.751329 5.325157
5.774930 5.208371
4.924706 7.705771
4.347928 8.151345
4.447624 7.639894
4.765707 7.801833
5.420085 4.501153
5.443022 4.796454
5.180834 4.966638
5.206299 4.441082
5.216063 6.045703
5.235641 6.210661
5.071444 6.013256
5.246245 5.958587
3.777263 5.742965
4.051374 5.717194
4.071394 5.643356
3.796330 6.249119
4.858248 7.609670
4.404316 7.933811
4.560050 8.075808
4.921998 7.789420
4.883974 6.500107
4.893153 6.256394
4.934235 6.346008
4.920073 6.301962
4.548872 6.728684
4.643269 6.786101
4.507155 6.686910
4.596626 6.818947
4.718458 6.745818
4.759856 6.611883
4.934566 6.751384
4.781317 6.669687
4.415091 6.631920
4.589907 6.602529
4.683515 6.764067
4.432539 6.649885
4.456463 6.264494
4.655797 6.549506
4.489840 6.305554
4.669334 6.394496
4.724936 5.629884
4.857990 5.706308
4.865568 5.913148
4.903165 5.843326
4.150714 6.401179
4.353854 6.399011
4.023370 6.692151
5.299030 6.088026
5.026205 6.154146
5.232259 6.211308
5.126321 6.045162
4.104548 7.073145
3.874057 6.989539
3.819385 7.351355
4.090850 7.133901
4.616491 5.668458
4.485260 5.658897
4.550247 5.650244
4.402658 5.910969
4.605775 7.332829
4.546093 7.485580
4.504156 7.452373
4.712770 7.239396
5.282048 5.322862
5.108662 5.558065
5.209547 5.495615
5.044174 5.511990
3.883836 6.578048
3.857115 6.564111
4.069276 6.314554
3.825449 6.479359
4.625336 5.663025
4.625678 5.676354
4.562145 5.855394
4.751262 6.646714
4.764511 6.642179
4.735966 6.660276
4.731171 6.825170
7.203482 4.924220
7.468683 3.841034
7.359213 4.572918
6.648989 3.863101
4.720640 6.877862
4.814959 7.207140
4.670802 7.234855
4.570904 6.121301
4.392607 5.980418
4.546056 6.180630
4.515285 6.186996
5.132148 5.811233
5.038610 5.625654
5.024653 5.845689
5.080512 5.704838
4.976735 5.323283
4.774235 5.522992
4.759160 5.384864
4.918963 5.576674
4.845267 5.410053
4.759905 5.348959
4.773221 5.336386
3.958194 6.381567
4.063238 6.419856
4.081521 6.833974
3.933822 6.284473
4.378954 6.301188
4.504713 6.429380
4.458392 6.470083
4.662107 6.402828
4.162145 6.859141
4.325144 6.688801
3.903198 6.325922
3.814615 6.593366
5.111540 6.466063
5.189301 6.515789
5.264691 6.485165
5.193187 6.364677
4.588842 6.847314
4.573000 6.704747
4.568077 6.608250
4.391207 6.806907
4.844319 6.226098
4.813135 6.227255
4.835160 6.199072
4.917475 6.041398
4.532012 6.012144
4.681472 5.981331
4.668550 5.947053
5.286492 6.286024
5.033041 6.386788
5.070409 6.392630
5.159133 6.341432
5.012180 5.440770
5.312433 5.387525
5.262657 5.525659
5.122791 5.396652
4.591743 6.754867
4.448086 6.789038
4.660298 6.833180
4.541093 6.874781
4.067546 6.921857
3.882733 7.491076
4.222117 7.334589
3.928280 5.766270
4.357721 5.824082
4.194183 5.908479
4.268348 5.757013
4.750686 6.156046
4.823625 6.017591
4.735051 6.115890
5.112821 6.198929
5.052135 5.944905
5.311320 6.088406
5.257280 6.012431
4.222683 7.588564
4.893619 7.684772
4.848064 8.470658
4.665177 7.725879
5.196480 5.549531
5.188536 5.566099
5.108492 5.621876
5.199106 5.331445
5.808956 5.954967
5.799094 5.656287
6.215882 5.956965
4.936504 6.578603
4.858826 6.680061
4.880438 6.643219
5.245721 8.099241
5.480897 8.065684
5.293717 7.618079
5.229720 7.948800
5.737206 5.427422
5.782478 5.408866
5.653940 5.302820
4.678421 6.225017
4.540561 6.191941
4.474206 5.984311
4.398073 6.159393
4.643608 6.492495
4.426397 6.433091
4.417911 6.433692
5.927030 4.983849
5.842495 4.697757
6.095891 4.529557
5.185350 5.927638
5.246484 5.891210
5.048267 5.715907
5.188445 5.770511
14.404981 2.561335
13.802626 3.837644
10.727747 1.104526
13.424840 4.038991
6.143661 4.563191
6.164448 4.891213
6.014019 4.409119
4.844302 4.499980
4.385616 4.521048
4.621902 4.660510
3.997292 6.193062
4.930308 5.813584
4.813083 5.747386
4.287943 5.004085
5.021573 6.460312
5.137975 6.291745
5.158309 6.503857
5.439415 6.004764
5.090412 6.102636
5.053944 5.891546
5.351714 5.789052
5.063933 6.817257
5.525198 6.328408
5.332104 6.526871
5.426058 6.289952
4.858221 6.500307
4.914536 6.546757
4.984517 6.416750
4.808437 6.384266
4.439474 5.325349
4.561566 5.410047
4.580092 5.387458
4.569027 5.907966
4.385767 5.645680
4.442186 5.792900
4.627291 5.384168
4.449806 5.526269
4.668303 5.504246
4.595671 5.604878
5.190076 5.969636
5.190258 6.192010
5.192080 6.157553
5.038181 5.981525
5.978163 3.222977
5.800524 2.917374
6.022284 3.152144
4.731987 6.463438
4.816813 6.463017
4.932793 6.460399
4.981742 6.375852
4.987731 5.820158
4.990229 5.632918
4.731169 5.878071
5.654001 6.225060
6.038510 6.134335
5.993730 6.013237
5.780983 5.722144
4.837281 6.804288
4.941831 6.598795
4.809239 6.581724
4.380146 4.906747
4.673460 4.824295
4.916204 4.563777
4.506104 5.511325
4.522055 5.563118
4.469336 5.417631
3.913365 7.329257
4.314179 7.269612
3.966618 7.052596
4.678819 5.771947
4.660042 5.824552
4.680580 5.798351
5.169510 5.047251
5.254893 5.137879
5.180296 5.256745
5.228535 5.144885
4.531131 7.928974
4.553232 7.826014
4.444098 7.901254
5.175895 5.016315
5.119365 5.081426
5.195422 5.276286
5.234113 5.006009
4.643763 6.070707
4.891946 6.018632
4.451059 5.956657
5.080865 5.577500
5.158200 5.536249
5.105306 5.481256
4.808552 5.491693
4.950955 5.375957
4.930530 5.417689
5.276744 6.431259
5.258700 6.345583
5.202662 6.434121
5.137064 6.415980
4.531093 5.364201
4.427453 5.346889
4.590368 5.504670
5.255338 5.628688
5.025761 5.880181
5.154339 5.782720
5.053313 5.294404
5.238463 5.546999
5.398132 5.337992
4.368363 5.947764
3.902645 5.803862
4.223610 5.959788
4.385641 6.080066
4.409471 5.968421
4.572139 6.220704
4.431032 7.579789
4.436400 7.656305
4.702775 7.882330
4.755886 7.746819
4.568559 6.436184
4.616620 6.388189
4.539457 6.372551
4.540583 6.358416
5.304695 7.205366
5.097040 6.890387
5.104371 7.044355
5.447418 4.327849
5.524415 4.220184
5.039178 4.057548
4.545957 6.816514
4.686027 6.563588
4.604517 6.857361
4.409954 5.919257
4.498354 5.748131
4.550297 5.836917
4.981878 5.744711
4.824915 5.893589
4.766753 5.829974
4.681078 5.312932
4.433856 5.436318
4.399829 5.339946
4.380454 5.468413
4.750350 5.217453
4.997552 5.041466
4.913010 5.109474
5.141787 5.251457
5.254181 5.038486
5.026626 5.086295
4.780563 5.084322
4.783386 5.124217
4.703273 5.258644
5.496805 3.903190
5.080557 3.984076
5.624787 4.358833
5.171168 3.668818
5.608932 2.570496
5.127547 2.787251
7.086413 6.142249
6.749553 6.230939
7.391361 5.842519
4.797412 5.089165
4.996893 5.042688
4.934234 5.205864
5.185647 5.422213
5.230398 5.574732
5.302088 5.495068
4.120872 6.005814
4.069139 5.912605
3.768736 6.229253
5.167924 5.922405
5.069818 5.840304
5.305888 5.746896
4.696141 6.567444
4.747034 6.724505
4.844004 6.719518
4.839294 6.174595
4.724090 6.171361
4.805050 6.027452
5.049669 6.391362
5.218977 6.412441
5.182560 6.287019
5.037520 5.151355
5.225610 5.051403
5.169466 5.060435
4.955164 4.885379
4.955356 4.524752
4.811137 4.411239
4.880532 5.042614
4.883986 5.172655
4.727493 5.166077
5.293699 5.956097
5.033257 5.958625
5.078601 6.153579
4.429516 5.326248
4.386778 5.382223
4.430623 5.476284
4.889232 5.854170
4.991836 5.890086
4.803560 5.923822
4.827251 5.619240
4.738418 5.597101
4.971536 5.476448
4.942694 5.186011
4.691445 5.187800
4.929320 5.035067
5.255934 5.175118
5.306005 5.081041
5.120061 5.058631
5.241114 6.394387
5.296224 6.376266
5.264125 6.462229
5.255499 5.968953
5.030915 6.071140
5.164217 5.980022
4.652045 7.688144
4.768025 8.611785
3.898620 8.365945
4.804307 5.609479
4.954480 5.319863
4.955825 5.458173
4.672742 6.730080
4.529432 6.596029
4.572496 6.530103
4.614400 6.499113
4.408218 6.325779
4.502271 6.858944
4.794499 6.517482
4.394441 5.831676
4.510466 5.839710
4.462297 5.927131
4.555044 6.178730
4.462972 6.110197
4.406796 6.051707
5.232024 5.344419
5.264752 5.596447
5.076396 5.590566
5.177732 4.040196
5.253874 4.346097
5.149224 3.888644
5.285204 6.286891
5.312895 6.277575
5.599456 6.769918
4.648924 5.524891
4.625208 5.414412
4.571012 5.530166
5.555982 4.546450
5.295782 4.578809
5.174113 4.534458
4.749173 5.086884
4.825819 5.274886
4.948211 5.262611
4.941457 6.143905
4.811884 5.963202
4.723005 6.237591
5.174082 4.647593
5.532790 4.800449
4.572464 6.272030
4.506055 6.297699
4.403351 6.385317
4.735814 6.353339
4.773136 6.561034
4.716557 6.297360
5.850827 2.947571
5.153400 3.492129
5.027977 3.155443
3.866509 5.748364
4.203611 5.806847
4.289072 5.897737
5.319187 7.017087
5.537388 7.302166
5.189093 7.433725
5.931875 4.807349
5.747582 4.687763
6.084121 4.569411
5.042796 5.148736
5.289155 5.069813
5.140943 5.236082
4.739665 5.040617
4.728972 5.096663
4.742666 5.253908
4.970167 6.442872
4.896922 6.440576
4.750391 6.266064
4.531466 5.480649
4.387803 5.620765
4.549646 5.461051
4.679653 7.107809
4.899698 7.065478
4.723751 7.168244
4.743412 5.850141
4.765604 5.744419
4.795583 5.499372
4.864131 5.575713
4.985308 5.426505
5.011671 5.088224
5.116560 5.149344
5.162823 5.205178
5.378528 7.794888
5.043894 7.774325
5.109651 7.690735
5.669314 5.077869
5.738130 5.430878
5.654993 5.170462
4.596355 5.966172
4.619070 6.028247
4.590976 6.121172
5.915753 8.770431
6.228090 9.686423
3.761220 7.087469
3.986332 7.135803
4.349515 7.461234
4.485786 6.627709
4.582522 6.854044
4.978438 5.719218
4.897962 5.829210
4.692087 5.846331
5.277205 6.359847
5.242561 6.433320
5.053990 6.443002
4.414319 5.896376
4.661346 5.826849
4.683815 5.834662
5.232295 5.923395
5.061982 5.790328
5.231675 5.803938
4.869989 4.806358
4.608074 4.519295
4.582224 4.409523
4.640823 6.559927
4.425544 6.540338
5.026588 5.808775
5.146897 5.771358
5.116284 6.561194
5.114146 6.343793
5.277504 5.814120
5.077330 5.821047
5.285421 5.958517
6.594878 4.762506
7.231762 3.763150
4.613268 6.011402
4.429409 6.044110
4.656003 5.938564
5.033019 3.974055
5.293242 4.367238
5.216532 3.977744
4.592075 6.645729
4.880083 6.681361
4.472099 6.595229
4.603031 6.829006
4.534889 6.842291
4.498506 5.854543
4.528064 5.931978
4.482419 5.908654
5.066500 5.073599
5.106313 5.107268
5.206311 5.087839
5.173491 5.527098
5.074955 5.453173
5.278520 5.546305
5.259025 6.178777
5.060709 6.222364
5.299864 6.074231
4.772242 5.496980
4.973337 5.377120
5.149633 5.505916
5.210495 5.495589
4.945416 5.181238
4.884720 5.117982
4.807495 5.144159
4.635448 5.521540
4.568973 5.515486
4.493423 5.605414
5.069983 5.079058
5.104709 5.129733
5.010804 5.291727
4.841665 6.861860
4.763475 6.793356
4.705606 6.676786
4.712196 6.825507
4.963078 6.825596
4.836804 6.647866
4.837027 6.231343
4.959766 6.037863
4.886075 6.231283
4.188534 6.174887
4.066607 6.018577
4.988172 7.710489
4.669802 7.798159
4.498049 7.030440
4.656766 7.041810
4.319154 6.505126
4.273644 6.526989
4.143527 6.526957
4.968151 5.030070
4.779382 5.193550
4.970282 5.068442
4.631985 7.115272
4.392880 7.052550
4.420856 5.972706
4.518651 6.020189
4.465555 6.197341
6.190108 5.557488
5.663821 5.228105
5.980305 5.094448
4.024047 6.796525
3.939013 6.857462
4.306478 6.578261
4.979900 5.560319
4.914402 5.491274
4.957629 5.588951
4.335959 6.297090
4.065699 6.359266
4.372911 6.457950
5.030691 6.022014
5.108384 6.195413
5.107923 6.215640
4.979969 5.868718
4.742497 5.899541
4.845174 5.832293
4.646382 6.656105
4.400260 6.710048
4.379628 5.372147
4.493325 5.425278
4.577414 5.422647
5.933862 4.459692
5.641504 4.214076
5.811753 4.982233
4.530640 7.180637
4.548020 7.080012
4.504285 7.031760
4.445060 5.732755
4.440054 5.872251
5.060438 5.226255
5.045392 5.103971
5.182381 5.285604
4.708512 5.106154
4.750972 5.056345
4.792439 5.189252
3.949275 7.494682
4.337826 7.240284
4.159042 6.476879
4.335910 6.301564
3.777598 5.383803
3.974402 5.465123
4.583587 6.496191
4.531332 6.295287
4.667125 6.278073
4.784820 7.159919
4.978261 7.080571
5.223320 3.867691
5.175552 4.260856
5.541461 3.868294
5.233763 5.272135
5.063098 5.151163
5.189178 5.222892
5.129018 5.824717
5.307477 5.873115
3.946082 5.547003
4.361327 5.500056
3.788794 5.348747
4.462530 5.071458
4.721458 5.416534
5.001319 6.545681
5.100155 6.309664
4.426292 6.909270
4.442409 6.936940
4.683287 6.884350
4.072721 6.410293
4.291169 6.357563
4.830266 7.006340
4.802907 6.934128
4.899750 7.134398
4.934571 6.459641
4.999718 6.534934
5.039305 7.759525
5.304667 7.918766
5.066625 4.567732
5.594819 4.580096
5.189343 4.795398
5.560951 5.441046
5.422459 5.538394
5.517761 5.474259
5.525548 5.362360
4.941761 6.714928
4.743545 6.662665
5.207041 5.138813
5.245531 5.127717
5.287702 5.085520
4.948668 7.136007
4.730281 6.910311
4.410587 6.833838
4.683374 6.775968
4.513353 6.693239
4.934268 6.154749
4.774605 5.941703
4.415877 6.974936
4.635088 7.168455
4.585872 6.955468
5.066140 5.658034
5.042544 5.905412
5.087772 5.799055
4.315769 6.420506
4.358813 6.362144
5.486793 5.476343
5.407798 5.574156
5.383259 5.400051
5.215637 5.049506
5.201941 5.257120
4.511591 5.423517
4.524275 5.320903
4.552859 5.329185
4.759714 5.055150
4.753167 5.179360
4.793718 5.169612
5.588049 5.369143
5.570569 5.472867
4.582169 6.233659
4.456568 6.057913
4.384048 6.939758
4.647567 6.878906
5.597708 5.632366
5.458230 5.910113
3.908474 5.357275
3.841845 5.428253
4.779634 5.845535
4.694473 5.859338
4.784263 5.888597
5.129842 6.723729
5.258499 6.722298
5.194271 6.797565
5.657496 6.120158
6.029106 5.649841
6.054784 6.054434
4.387410 5.661200
4.463764 5.639196
4.461227 6.677172
4.515279 6.874601
5.140851 5.520315
5.053423 5.553559
4.602552 4.783643
4.736110 4.608317
5.132834 6.289017
5.175733 6.327220
5.181377 6.744855
5.274974 6.769294
5.061102 6.713896
4.865591 6.920278
4.804681 7.102567
4.714762 7.042698
4.171521 6.061733
4.292084 6.200846
4.289693 6.046107
4.349270 6.199835
4.189976 5.999430
4.891591 5.523161
4.936089 5.371489
4.816788 5.351995
4.721277 5.406680
5.054321 6.702563
5.096839 6.677400
5.311241 6.123993
5.170306 6.241421
5.646771 4.984887
5.905098 4.663536
4.486610 5.439510
4.512326 5.487617
5.028211 5.956290
5.047710 6.173378
4.434402 6.454338
4.552699 6.509777
4.893113 5.776942
4.952327 5.728746
5.427719 5.372283
5.470013 5.552513
4.700610 7.149000
4.743558 7.025269
4.801232 6.484046
4.976425 6.360495
5.966641 4.205953
6.033644 4.079940
6.087789 4.192088
5.598411 5.793505
5.467250 5.731359
5.349108 5.918970
5.551240 5.816556
5.582541 5.789562
4.951737 6.572693
4.920525 6.669866
4.962737 6.742799
4.062527 6.385753
4.066393 6.292325
5.026746 6.779225
5.305907 6.586935
5.271568 6.623682
4.320877 7.065052
4.297245 6.993740
5.211762 5.202632
5.111314 5.187177
3.935150 5.084529
4.034724 5.209586
4.317329 6.033314
4.318271 6.095807
4.331073 6.232331
4.301943 6.074772
4.325992 6.141163
4.240214 5.976266
4.335762 6.108570
5.149741 5.014379
5.150095 5.262750
6.057397 6.217702
6.203880 5.903235
6.060072 4.575665
5.778004 4.882425
5.222253 5.542089
5.169577 5.419466
4.414197 7.118114
4.384271 7.126842
6.030147 3.309957
5.979063 3.523914
4.817975 5.204628
4.847724 5.112478
4.660540 5.322532
4.449758 5.343129
4.452820 8.164701
4.086754 8.622079
4.752357 7.899239
4.766922 6.916176
4.861609 7.115172
4.774579 7.022632
5.033390 6.832872
5.269064 6.639639
5.308697 6.809070
4.951111 5.975463
4.840791 6.052306
5.583539 5.406965
5.378050 5.526208
3.900828 6.372362
4.294877 6.752404
4.231313 6.431354
4.238869 6.523235
4.130102 6.358609
5.473632 5.513751
5.419444 5.453069
5.327231 5.870713
5.536884 5.835032
5.189066 4.825227
5.613443 4.725348
5.098330 4.782834
4.393384 5.752849
4.544902 5.775997
4.677530 5.817181
4.437537 6.146177
4.566036 6.226629
4.467363 6.962255
4.490717 7.159941
4.777022 4.007756
4.952237 4.116771
5.935334 3.779961
5.896420 3.825719
4.843668 6.946171
4.956599 6.974018
4.578867 7.088210
4.398928 6.920309
5.056750 6.278835
5.223877 6.396176
4.731392 6.816997
4.783988 6.650251
4.941785 5.189390
4.846779 5.139587
4.921997 5.044527
5.922845 4.129236
6.196162 4.274118
4.614687 6.869417
4.394058 6.779979
4.582201 6.793380
4.154529 6.427880
4.178951 6.259601
4.737282 6.197623
4.779750 5.992494
4.210290 6.121242
4.308916 6.101695
4.251018 6.169349
4.603616 4.643389
4.732099 4.920848
5.492787 5.281322
5.713970 5.260570
4.826436 5.526311
4.751720 5.446577
4.498024 6.511283
4.659559 6.426642
4.659632 6.318181
5.619272 6.033538
5.598334 5.788954
4.336639 6.128669
4.228282 6.135015
4.920044 7.012414
4.850410 7.187123
5.067184 5.097958
5.058019 5.271075
4.010593 5.071349
4.155226 5.005763
4.184436 6.338701
4.140545 6.441967
4.665633 7.117998
4.599597 7.004315
4.391732 5.388623
4.409287 5.569380
5.243691 6.727643
5.046262 6.720735
4.771420 5.129166
4.821932 5.069541
5.275350 5.398879
5.367721 5.122902
4.757455 6.322530
4.931166 6.825961
5.764388 5.230971
6.023998 5.443600
5.420000 5.730800
5.469953 5.726665
5.504235 5.505488
5.408860 5.333313
4.988935 7.837706
4.876022 7.854619
5.713614 9.209216
5.330100 8.905300
4.873834 5.810457
4.864734 5.735208
5.375099 4.223046
5.534606 4.153773
5.377960 4.023574
5.046205 6.577627
5.289675 6.718572
5.111543 6.750574
4.505333 6.781097
4.401586 6.701735
4.444297 8.192656
4.430376 8.370085
4.537290 8.932490
4.088756 9.995515
4.143292 9.388448
5.068887 5.101285
5.043100 5.194351
5.363173 5.846789
5.466697 5.903853
4.664837 7.176877
4.653806 6.908600
5.116933 5.820415
5.136585 5.829000
4.789353 6.512055
4.725345 6.415959
5.174951 5.479486
5.121174 5.592412
5.129519 5.602915
5.179068 5.614913
5.407581 6.845397
5.021328 6.829847
4.632570 7.434217
4.890877 6.986168
4.926989 7.379198
4.582113 6.439867
4.588595 6.442340
4.771106 6.479288
4.846863 6.394152
4.843932 6.352807
4.276191 6.153647
4.189504 6.032137
4.411792 5.792404
4.397371 5.705793
4.593019 8.063512
4.896346 7.963771
4.688678 5.349679
4.767859 5.416480
5.485947 6.076049
5.158917 6.053859
4.085299 6.622235
4.167654 6.585480
4.302996 6.541519
4.278089 6.480865
3.992410 6.287316
3.816584 6.511342
4.389309 5.695410
4.593408 5.684043
4.455460 6.076605
4.429610 5.981834
5.030575 5.780829
5.034287 5.714972
5.943476 3.906790
5.632006 4.015574
5.659347 4.067658
4.122489 6.719017
4.341712 6.579689
4.857612 5.841160
4.700355 5.852812
4.916163 6.950753
4.879742 6.877030
4.206662 6.710709
4.152404 6.838201
4.858016 7.182839
4.962148 7.005340
5.287797 5.972113
5.018681 6.232306
5.447090 5.104884
5.464427 5.306971
4.470897 6.564113
4.584069 6.626524
4.367859 6.142431
4.181095 6.158176
5.413444 5.273714
5.571211 5.163972
4.249693 6.863404
4.116354 6.855710
5.015757 4.711663
5.054263 4.662664
5.359701 5.302867
5.617236 5.028420
4.586709 6.264099
4.445106 6.388281
4.388876 5.374816
4.550095 5.550711
4.426099 5.339351
4.685629 5.491869
4.829347 5.021837
4.808605 5.004986
4.819467 5.176175
4.765548 5.270782
5.221233 5.011047
5.079477 5.096576
4.936778 6.744200
4.933301 6.595163
4.777643 6.581792
5.508596 5.816386
5.339738 5.908108
5.394733 5.321991
5.455373 5.473352
4.834896 5.472445
4.851596 5.467251
4.723894 6.608918
4.827702 6.787838
4.577887 7.174757
4.558805 7.088178
5.542644 5.045189
5.591778 5.116189
5.006364 6.617304
5.149412 6.746190
6.947632 5.031241
7.433746 5.920344
3.942060 7.176732
3.958106 6.921130
5.051613 6.540153
5.003240 6.453496
4.614236 6.124117
4.424151 6.148335
4.306367 6.778992
4.135206 6.680791
5.327847 5.245286
5.543010 5.070427
4.132160 5.416870
4.270905 5.051650
4.773509 6.191132
4.778899 6.215140
4.653152 6.999609
4.671780 6.935196
5.432974 5.476391
5.323328 5.352927
5.472538 4.360830
5.596851 4.363548
3.859275 9.028275
4.957004 9.241343
4.301352 6.560136
4.162850 6.387884
4.202671 6.736939
4.218241 6.791318
5.291910 6.260725
5.223785 6.549364
5.821991 6.709005
6.170863 6.809906
4.212076 6.548491
4.157921 6.455108
5.514883 5.246875
5.548051 5.059637
5.914361 4.366270
5.894298 3.904680
3.778726 8.027154
4.542206 7.910175
4.178560 6.603453
4.114147 6.858492
5.312528 2.982305
6.078053 2.665507
5.543247 5.982919
5.514305 6.192886
4.399908 5.830854
4.680473 5.686610
4.766674 5.874441
4.840361 5.902096
4.587947 8.184847
4.485132 8.336208
5.331563 5.281808
5.512184 5.291753
5.443114 6.126868
5.624735 6.059874
5.151950 6.078644
5.243835 6.219226
4.834033 6.064780
4.949114 6.191875
4.753292 6.898302
5.104237 5.097363
5.157511 5.188004
5.294789 4.934659
5.273718 4.897814
5.321189 6.219537
5.469664 6.065628
5.270894 4.740430
5.189424 4.974602
4.568744 6.018131
4.653453 6.155283
4.026412 5.155517
4.025465 5.152558
4.692478 6.291681
5.257217 4.820926
5.283065 4.840350
4.700371 5.233385
4.641066 5.520899
4.429169 5.523576
5.112462 5.092469
5.187890 5.106576
4.194971 6.030252
4.069062 5.940715
4.421159 6.617613
4.558906 6.628942
4.118896 6.604552
4.352286 6.724230
4.203495 5.942527
4.072807 6.155967
5.618724 5.854326
5.542565 5.762020
4.414908 6.389381
4.641895 6.560242
5.429013 5.103074
5.615933 5.310220
5.413589 5.622714
4.077790 6.458981
4.355661 6.307168
4.554264 6.923724
4.420784 6.944700
4.745508 8.609643
5.118747 4.900365
5.121726 4.722826
5.137944 4.992490
5.290403 4.871697
5.381277 5.982937
5.374551 6.045655
4.951545 7.020837
4.899376 6.998551
5.121176 6.851471
5.046624 6.587286
6.009784 4.247585
6.015873 3.902672
5.039097 5.454527
5.104387 5.603113
5.505645 8.507690
5.087522 8.142166
5.332344 5.202058
5.578535 5.258147
4.815312 5.605980
4.954865 5.324046
4.596485 7.046050
4.592016 7.084927
6.167346 6.322659
5.864445 6.466064
4.813817 5.150505
4.829162 5.167449
4.756415 6.810301
4.864120 6.748420
5.009999 6.795248
5.198449 6.615486
5.214398 5.757312
5.033415 5.817978
4.839438 5.430361
4.711244 5.538907
4.090239 6.600575
4.359729 6.642579
5.149313 7.684254
5.433846 7.658424
5.291524 4.699571
5.126846 4.890646
5.187718 8.203973
5.551140 8.718310
4.550596 6.737829
4.599947 6.603274
4.148075 6.777864
4.152177 6.756796
5.056685 6.286678
5.069306 6.352321
5.170547 4.703167
5.008047 4.797410
5.488867 6.047626
5.605950 7.040647
5.353580 7.224760
5.515586 5.660775
5.589915 5.687705
4.710279 4.709453
4.532363 4.410201
4.548476 5.628511
4.466875 5.795177
4.353696 6.121764
4.373268 6.119810
4.667823 6.100162
4.569191 6.118628
4.931432 6.511402
4.868577 6.403872
4.810796 6.209049
4.891490 6.175802
4.709320 7.101659
4.984083 6.885561
5.584747 5.186578
5.542638 5.035898
5.519731 6.092095
5.597796 6.199411
4.157835 9.161183
3.881471 9.523059
4.627533 7.737949
5.862507 6.107955
6.159860 6.229146
4.182563 6.483768
4.298533 6.277744
4.817499 5.072625
4.845389 5.127711
4.626834 6.430353
4.552098 5.325291
4.672752 5.350600
5.511919 7.075933
5.055405 6.891773
4.049703 7.347891
3.862138 7.078843
5.290669 6.224328
5.258726 6.129184
4.172862 6.077240
4.083263 6.049849
4.779058 5.865394
4.845085 5.930021
6.202461 4.509615
6.208100 4.569134
5.297982 5.009913
4.445313 7.139243
4.480424 6.882042
5.210540 4.774788
5.118626 4.740587
5.427964 5.284026
5.411419 5.062662
4.979671 5.678311
4.742157 5.928016
5.477501 8.554278
5.449385 8.689396
5.001218 4.846548
5.023562 4.699317
4.670293 6.451204
4.630798 6.402817
4.298911 6.636108
4.175748 6.768066
5.138168 5.478050
5.200115 5.621620
4.572823 7.875249
3.784047 7.695550
5.156623 5.278640
5.288495 5.084212
5.383781 5.312682
5.333858 5.551391
4.540385 6.725026
5.342694 6.145249
5.302702 5.874505
5.582505 5.870409
5.370796 5.731863
4.924768 6.489264
4.778302 6.302970
4.876865 7.787627
4.470390 7.503118
4.996089 6.588769
4.777570 6.710675
4.256920 6.743643
4.087526 6.805510
3.771203 5.804902
4.112273 6.167444
5.097322 6.318431
5.269778 6.467614
5.109879 4.949673
4.353241 5.984078
4.064457 6.129355
4.417400 5.177392
4.438574 5.072446
4.615931 5.068119
5.430140 4.711053
5.344096 4.220528
5.416876 6.064291
5.418160 3.759201
5.520882 3.788635
3.881757 7.250956
3.971368 7.375678
5.385302 8.071059
5.417089 7.808510
4.535171 5.269342
4.482461 5.089677
4.409175 5.047215
4.571462 6.234025
4.502459 5.963060
4.835223 6.242379
5.477863 5.221671
5.411305 5.053983
4.651971 6.030628
4.410406 6.096393
4.939908 5.545702
4.859416 5.400962
5.853588 6.472232
5.954419 6.771762
4.221697 6.446410
4.145706 6.288072
4.785506 7.014977
4.537191 5.050513
4.548663 5.236701
4.522028 7.168179
4.658547 6.922229
4.319152 6.552360
4.259965 6.498596
5.286400 4.724530
4.435086 5.240853
5.315991 5.374207
5.007738 4.895199
5.002355 4.781229
4.964655 8.046932
4.435627 7.719490
5.022215 4.906643
5.206460 4.778203
4.573513 5.653334
4.568483 5.836597
5.168061 5.257624
5.248323 5.128360
4.677915 8.690042
5.100533 5.915174
5.105989 5.667739
3.920555 5.377422
4.717669 6.974522
4.845717 7.022126
4.918037 5.262700
4.894287 5.179566
4.697262 6.654973
4.991045 6.628093
4.845881 7.088555
4.777253 7.101325
4.990908 7.066723
4.992918 7.013360
5.786860 9.406994
5.204418 9.963034
5.115779 6.840842
5.229710 6.601428
4.188089 6.680768
4.091333 6.723349
4.491796 5.296632
4.649503 5.193280
4.433847 5.418916
4.569328 5.536781
4.170424 5.945145
4.237089 6.188744
4.705830 5.247050
4.921029 5.056871
4.461713 5.609915
4.686477 5.086487
5.237269 8.445157
5.150167 8.561697
4.183249 7.397308
4.638960 7.140498
4.491546 7.130941
4.824816 8.481656
4.739203 8.715164
4.912999 6.039152
4.795363 6.161057
4.788512 4.567818
4.541444 4.549524
5.255547 5.264737
5.245183 5.017082
5.493388 5.260319
5.441013 5.295249
3.817840 5.180944
4.018185 5.308584
5.056845 6.691795
5.133594 6.729215
5.005226 5.391427
5.299574 5.410759
4.093451 5.814921
4.573330 5.213689
4.573521 5.283816
4.302913 6.105107
4.151646 6.014111
5.412798 6.816279
5.566954 6.792681
3.940683 7.345535
4.374487 7.402718
4.213367 7.088043
4.099117 7.069212
4.314841 7.099789
3.935684 6.961400
4.721088 6.020226
4.102371 7.176235
5.935381 3.918820
5.750229 4.283754
4.161020 5.789944
4.360375 5.930593
4.404408 5.288480
4.644965 5.243561
4.479013 6.533739
4.567576 6.276819
4.920091 5.908831
4.700825 5.639366
4.593248 5.984014
4.328266 5.922527
5.370320 6.183810
4.700904 5.537265
5.343330 5.285101
5.556433 5.047101
4.434354 6.605150
5.419884 6.104499
5.622842 5.982336
5.357340 5.541339
5.392709 5.423867
4.340297 6.741499
5.258089 4.919944
5.155346 4.741846
5.236705 4.820934
5.045309 4.923347
4.256714 6.451231
4.206663 6.451702
4.577925 5.095528
4.510871 5.103664
5.049218 5.899297
5.413202 5.834140
4.576689 4.911006
4.846207 4.622513
4.600959 5.812628
4.393019 5.931853
5.803359 5.124561
5.167963 5.344770
5.042602 5.323144
5.047390 2.884662
6.525487 4.161865
4.375047 5.196172
4.613772 5.081204
4.140712 5.826616
4.807827 6.416696
5.083195 8.641127
4.514102 5.930417
5.809566 4.141064
4.959434 4.830546
4.928144 4.818353
5.199993 5.310088
5.087436 5.045079
4.811560 4.809750
4.762998 5.609498
4.375751 5.421945
4.448056 5.538993
4.983449 4.724681
4.924128 4.773942
5.216640 6.153486
5.176055 5.949003
4.933999 4.815574
4.695085 5.614758
4.400734 6.694403
7.483707 4.545630
7.063407 4.607161
4.451647 5.169642
4.494598 5.250434
4.965246 4.732971
4.272202 5.746470
4.334558 5.663141
4.139524 6.022781
4.364045 6.059697
4.814592 6.875927
4.756322 6.885016
4.951451 5.271276
4.939937 6.371724
4.978696 6.800777
4.709624 6.351371
4.755998 6.544120
4.988069 4.736737
4.722095 4.992869
6.989624 2.894607
7.472063 2.618238
4.411294 7.025033
4.387329 7.173628
4.543181 7.083368
5.258244 5.960499
5.148626 6.238045
4.393563 5.223890
4.434474 6.554742
4.608959 6.449658
4.255205 6.636523
4.163816 6.586389
4.844804 5.776365
4.905768 5.831267
4.178848 6.711996
4.272957 6.683576
4.717161 4.788497
4.885854 4.729794
4.663130 6.225368
5.601427 5.169892
5.334895 5.244530
5.138430 5.004149
5.087699 6.665503
5.292249 5.592027
4.252555 6.320705
5.123474 4.996133
4.747836 6.729843
5.082847 7.080382
4.920711 5.245249
4.517345 6.411821
4.746846 4.728883
4.705634 4.742879
5.304815 6.433606
5.255139 6.471718
4.686434 3.853324
4.594915 3.834176
4.466910 9.108268
5.075932 6.466103
5.177712 6.544871
4.594417 5.891968
4.631683 5.809699
4.115817 5.699198
4.241200 5.897205
4.110689 4.836810
4.949691 4.727268
4.461775 5.199974
4.243830 5.718368
4.069095 5.783607
5.163659 6.836485
5.130109 6.744556
4.936315 6.239317
5.051166 4.982521
5.248686 4.774609
5.590895 5.074970
5.464207 5.166731
5.234436 3.867567
5.404403 4.331884
4.532838 6.753005
4.493573 6.745843
5.026715 7.183083
5.214332 7.051635
5.314951 5.734694
5.496769 5.767787
4.552519 5.492594
4.824718 6.788488
4.770114 5.790064
5.296743 7.117684
5.199031 6.981055
4.966212 3.787423
5.563789 6.234816
6.565131 3.600837
6.269782 3.608397
4.906596 6.933864
4.699388 7.067375
4.117416 5.166686
4.114518 5.009819
4.421683 5.133334
4.918478 4.205059
4.629551 5.500570
4.226937 6.123183
4.824904 4.745661
5.447150 4.745716
5.274062 4.782687
5.762808 5.616231
6.031878 5.070319
5.624209 5.578855
5.528008 5.526509
4.520509 6.122678
4.761140 4.689674
4.692844 4.516626
4.955482 4.869603
5.781661 6.784945
6.175237 6.761618
5.133814 7.145123
5.067448 4.731943
5.126913 4.997762
4.744034 7.186815
4.602522 7.131486
4.365904 5.880688
4.076822 5.774810
5.117307 7.126307
5.296679 7.061084
5.711589 4.553797
4.206297 6.562807
5.221241 5.553303
4.615854 6.496538
4.760466 4.669059
4.690567 4.441755
4.502370 5.293673
4.541662 5.173035
5.340782 4.924498
5.881588 4.110580
4.865331 7.437135
4.966801 7.406124
5.187808 5.440896
5.536273 5.813606
5.404850 5.638451
4.781170 7.451855
4.240552 6.253329
5.328597 4.716999
5.331268 4.760010
5.590266 4.857671
5.573810 4.978590
5.517732 6.367306
5.619187 6.626009
4.514459 6.122184
4.573636 6.236668
4.784238 4.897910
4.688413 4.908924
5.431707 5.946647
4.807766 5.161404
4.957234 5.201762
4.711067 4.990328
4.304219 6.229085
4.957175 6.532374
4.850064 6.505730
4.887563 7.359579
4.866856 7.469915
4.433568 5.113150
4.946437 5.334384
6.344998 2.802678
4.475427 5.714284
4.378014 5.773070
4.648873 4.602076
4.695905 4.730899
4.944437 7.349811
4.624105 6.949004
4.366113 6.583830
4.130905 6.722766
5.359604 4.785346
5.558437 4.801620
4.946022 6.997145
4.980498 7.140302
4.522328 3.976874
5.586497 4.870857
5.563961 4.763289
5.643505 6.160867
4.859098 5.561975
4.459860 5.019859
5.151319 6.211679
5.410125 5.878526
5.209377 5.278875
5.825509 6.604294
4.341819 6.504160
4.735213 5.559124
4.753568 5.489905
4.296483 5.837513
5.055182 8.320312
4.198778 6.222061
4.360175 5.938974
5.169573 6.950049
5.160346 7.053996
5.224823 5.235320
4.590316 7.893013
5.032627 4.794842
5.171102 4.974750
4.872715 6.242590
4.916032 6.143803
4.566206 6.658280
4.621979 6.853967
4.731927 7.402310
5.119844 6.709737
5.581564 5.111400
4.849453 8.257304
4.380129 8.638834
5.610818 5.075025
5.235291 4.936006
5.166062 4.692255
4.905111 4.806544
4.824066 4.889223
5.285896 7.569377
4.586683 5.244048
4.491680 5.181336
4.369671 5.914815
4.252751 5.657408
4.786324 4.048471
5.423271 6.314760
4.596906 5.580399
5.608552 4.962916
5.603714 4.905896
5.077480 7.139615
4.975043 7.286092
5.431945 4.774994
5.365462 6.360980
5.466407 6.436965
4.787066 6.144575
5.122050 5.708708
5.304751 5.625191
4.900999 5.896225
5.614206 8.094229
5.120816 8.010562
5.420323 5.371553
4.119071 6.716841
5.144188 5.717396
5.301794 5.674334
4.582059 5.765631
4.327063 6.879810
5.672166 3.918703
6.243081 3.841133
5.420603 6.385883
6.065251 3.931600
5.683228 4.080031
4.491020 6.514374
5.327341 6.080867
4.882942 6.623489
4.336620 6.407646
4.485867 5.028323
4.616420 5.308644
4.324350 5.332665
4.898567 7.482742
4.870587 7.467288
4.519607 6.990548
6.091778 6.157003
4.818760 5.036987
4.321368 5.854651
4.585814 6.111195
5.479869 6.455271
5.429218 6.482208
5.535961 8.143827
5.479281 6.063757
5.619398 6.221695
4.976813 4.929750
4.700393 4.895386
4.614909 5.784966
4.581211 5.747430
5.336724 4.709291
5.344809 4.972650
9.201101 3.999362
4.547324 5.469172
5.158499 6.715839
5.025718 6.643400
4.620504 6.902215
4.782117 5.273571
5.568503 6.324453
5.336065 4.709161
4.629389 7.212640
4.107390 6.013052
4.090696 6.083412
5.203649 3.830232
5.034851 3.811767
4.385772 7.201512
4.432197 7.278035
4.918841 7.285995
5.206186 7.127809
5.515801 5.418791
4.481480 6.774971
4.227804 6.705037
4.493448 5.187789
4.484052 5.177245
5.155658 4.795423
5.303230 4.896501
4.808998 7.350100
4.715064 7.346962
3.990472 7.347935
5.748836 4.540694
5.971924 4.394516
4.576108 7.293926
4.782908 5.361503
5.198625 5.567887
4.532731 7.400482
4.386215 7.434218
4.919613 4.877967
4.916582 4.904470
5.119016 6.075121
4.770889 7.380909
4.572541 7.016719
4.811121 5.676448
4.908953 5.852010
4.711552 6.294950
4.737624 6.878818
5.125779 6.556609
4.322746 5.750302
4.343122 6.140943
4.267260 5.965016
4.639038 6.596361
5.426039 5.805900
4.405840 6.131639
5.339660 6.490977
5.375507 6.266268
5.481594 6.302776
4.863259 4.966316
5.282320 4.702098
4.378621 5.428977
4.081275 6.786132
4.183139 6.606188
4.563964 5.037241
4.525934 5.225772
4.419112 7.352434
5.211579 6.897249
5.070963 7.082953
5.342782 7.227867
4.496598 6.347661
4.444358 6.269312
4.185656 6.477726
4.183463 6.499180
4.390481 7.198093
4.660083 7.445584
5.399569 4.881600
5.615035 4.733148
4.902288 6.311756
4.830844 6.448442
4.973420 6.973271
4.724298 7.129374
4.999668 6.814784
6.290576 5.472376
7.285534 6.232817
5.445711 5.257953
5.222050 5.024239
4.209435 5.328850
4.235959 5.063596
4.276442 6.994851
4.290910 7.083635
4.639269 6.262578
5.532281 6.517560
4.430604 7.370165
4.216453 5.044907
5.497730 4.797489
5.300126 6.658458
5.111187 6.711551
4.343492 6.929134
4.133147 7.136570
5.397685 5.081106
4.082744 6.900758
4.431858 5.758136
5.260489 4.178280
4.747222 6.030231
4.843230 6.108614
4.843049 5.817499
4.688997 5.786263
5.098112 5.308155
5.211255 5.406816
4.152004 6.093559
4.586154 7.415621
4.650746 7.410185
4.605062 5.032644
5.259219 6.123649
4.660601 6.109233
4.671906 5.943701
5.373504 4.405681
4.257487 7.087456
4.121059 7.133397
4.791827 7.206659
5.998118 3.979689
5.240318 4.993862
4.530666 6.099251
4.433321 6.004225
4.439880 7.251581
4.528615 7.250947
4.239405 7.182524
4.357739 6.876753
4.200552 5.665816
4.580722 4.129646
4.191315 5.919683
4.310415 5.733854
5.061503 7.011500
4.716775 4.757690
5.622948 4.604556
5.606106 5.341161
4.728818 7.335455
4.057658 5.541276
4.919785 5.105183
4.906354 4.787580
5.425752 6.121661
5.235158 5.709209
5.036681 5.784963
5.463855 4.890821
5.348580 4.942492
4.101198 5.851896
5.348970 6.427669
5.396157 6.477968
4.309509 7.076941
4.888056 5.593125
4.404702 5.279518
4.720671 3.852029
4.732138 6.830650
6.190534 3.239585
4.757085 5.337065
4.802714 5.450686
4.137074 6.834035
4.155393 6.572426
4.315275 7.049156
4.550895 6.343194
4.310019 6.367294
4.457181 7.441144
4.575020 7.320069
4.575402 7.169415
5.247109 6.495024
4.405977 6.121693
4.384459 6.118989
4.698944 5.288153
4.526721 5.592649
5.552052 6.389441
4.475166 6.623169
5.032910 2.515760
6.178402 3.401653
4.550125 6.245671
4.489271 6.233263
5.436294 5.777012
5.407142 3.207018
5.903153 6.360801
5.442212 4.691439
4.665574 5.082019
4.287210 7.164280
5.062150 4.979264
4.678042 5.848528
5.363695 5.624014
7.281272 3.307736
4.476707 7.369059
4.680110 5.595877
4.396950 5.810646
5.156449 7.166195
5.131401 5.349656
4.149682 6.243224
4.071069 6.125158
6.263408 4.490414
5.505370 6.238265
4.257564 5.845532
4.867866 4.908281
5.287582 5.927317
4.867067 6.102326
6.396739 4.459864
4.849816 7.480067
4.882773 7.214316
4.670855 7.076414
4.292528 6.127702
4.183140 5.002793
5.240009 6.679615
4.360312 7.030026
5.329476 5.076032
5.249815 4.744064
5.213694 5.087801
4.550260 6.178448
4.116518 6.592811
5.391601 4.809663
5.445758 4.790152
4.401065 7.261206
4.875955 7.032237
4.952161 6.937518
5.854760 4.295215
5.681962 4.109710
6.750911 4.508213
6.754639 4.704827
5.379257 5.636357
5.186195 7.037834
4.317519 7.110036
4.329033 6.903610
5.427670 3.934670
5.093756 3.948156
4.825581 6.375318
4.255660 6.867443
4.812875 5.821602
4.810324 6.076998
4.407356 5.121344
4.943357 4.901880
5.016080 6.688796
4.630598 5.708673
4.575018 6.556236
5.587361 5.136463
5.271771 8.743449
4.364755 6.507435
4.753743 5.242294
4.991931 5.175719
3.977006 5.530266
5.342823 5.091379
4.390123 8.013782
5.471764 6.353867
6.656004 4.928435
6.353402 4.931974
4.676395 5.288249
5.339554 5.367702
4.947587 7.184863
4.869823 7.471375
6.035001 5.480097
5.003519 8.435105
5.530602 6.343321
4.744957 8.543785
4.661005 8.136900
4.395671 6.066817
4.454751 5.537933
4.493378 7.427308
4.479497 7.006098
4.540460 7.004951
4.724928 5.368411
4.193757 5.712042
4.350535 7.106335
4.705197 4.757580
4.985679 4.828451
4.569899 6.583843
4.845793 8.542647
4.945518 8.524186
5.120863 6.111673
4.146777 6.179110
5.493512 4.870538
5.224674 5.118054
4.647042 6.697835
4.776175 5.806523
4.939378 5.908126
5.303976 6.431309
4.149747 6.905653
4.873279 6.612028
4.553562 7.487662
4.495797 7.271142
4.527462 5.820231
6.181126 3.994054
5.471271 5.949760
4.818178 6.339854
5.477005 5.150174
4.423595 6.323953
4.744503 7.484450
4.072928 5.904086
4.286514 5.772205
5.139842 5.803708
6.849843 4.526091
5.541235 4.952371
4.913946 6.602874
5.060056 4.779780
5.463099 7.362935
4.352436 6.585134
4.194039 6.663597
5.211108 5.414598
5.143249 4.774656
4.252308 6.453172
4.305735 6.432955
4.398283 6.081061
4.776101 4.526482
4.620554 6.323479
5.096837 7.149476
4.457998 6.446104
5.612474 6.196489
5.294574 6.897429
4.124766 7.892170
4.892176 3.764353
4.959041 5.086566
4.628222 5.020128
4.199601 5.910995
5.020136 5.113245
4.436151 6.191733
4.405773 6.242672
4.599752 5.227150
5.300978 5.387786
4.811932 4.914521
4.553394 6.080597
4.276639 6.200529
4.208630 7.077481
4.391214 6.074692
4.662292 5.676512
4.549267 5.546913
5.334726 5.304199
4.588484 6.418467
4.892065 5.344315
4.590839 6.206198
5.391100 5.557842
4.911657 4.867020
4.426003 5.351240
4.424018 5.347796
4.403205 6.106907
4.764084 6.395659
4.817942 6.882783
4.745353 7.142905
6.693287 4.689183
4.448327 6.187632
4.812955 5.733855
4.868649 5.704515
4.855069 5.013762
4.756196 6.087198
4.548690 5.959730
4.685819 7.248482
4.406735 7.463161
5.531248 6.518146
5.372684 6.361529
4.613820 7.383197
4.238672 6.361240
4.360036 6.869888
5.537937 6.288645
5.538042 4.219263
5.127003 6.573172
5.282034 6.613581
4.400392 7.063916
4.436478 7.020993
4.651513 5.834485
4.679276 6.715211
5.486309 4.972431
5.364095 5.163744
4.975524 5.403851
4.154896 6.581838
4.276299 7.954651
5.470039 5.524937
5.234786 9.015352
5.278740 7.994392
4.633702 5.849082
4.671300 5.709081
6.550847 5.139198
6.661326 5.177773
5.563965 4.888844
4.394179 6.539147
4.570130 6.442247
5.052128 4.729734
5.794074 4.670773
4.807541 7.187549
4.693708 7.289907
4.098743 5.643499
5.327336 5.749853
5.004855 6.577072
4.260238 6.178998
4.935776 7.402047
4.665635 5.301303
3.764557 7.507589
4.469156 6.924895
4.265294 7.317442
4.533323 5.304792
4.499775 5.430818
4.609116 3.905233
5.182868 5.781678
4.761791 4.689950
5.298151 7.080112
4.783337 6.663623
5.931874 5.593724
5.108019 5.970126
4.697096 6.221174
5.855815 5.516961
5.259676 4.692809
4.549674 5.721128
5.626602 5.404240
4.507764 5.953824
4.244058 6.323473
7.680257 4.534844
7.793371 4.669781
4.433165 6.278649
5.420546 4.190186
5.610157 5.824966
5.051668 5.292660
4.863794 4.701515
4.246308 9.393935
6.554986 5.419029
5.189467 4.427752
4.128713 5.149953
5.211694 4.375192
4.988717 5.855557
4.585396 5.147180
4.796899 6.893657
5.372071 6.212529
5.815351 5.020525
5.531150 8.803390
5.631997 5.718082
4.528932 7.262260
5.263057 5.086201
7.362116 3.254400
5.657343 5.506001
5.910286 5.164580
4.630157 6.637738
4.536458 6.649256
4.353005 6.565337
5.633466 5.315750
5.184290 4.514552
5.228984 5.642301
4.247010 5.829819
5.763333 5.056165
5.093400 4.442844
5.270351 7.049136
5.131707 7.056616
4.725214 5.178515
4.961255 5.147448
4.901479 6.463361
4.574351 7.265945
5.319954 6.659222
5.516595 6.078643
6.161974 4.031187
5.807710 5.016090
4.091892 7.879852
5.676704 5.196221
5.904269 5.254441
5.558215 5.048214
5.281788 5.329918
4.457668 6.533889
4.562569 5.768421
4.692950 6.137443
5.379226 4.902302
5.290606 4.440713
4.403533 5.556965
5.268416 4.822704
4.410422 7.115592
4.910435 5.861350
5.376820 5.088419
4.864921 6.884621
4.946872 5.213616
5.599265 6.399994
4.056952 7.243420
4.561383 5.080936
4.774277 5.614625
5.094764 6.241666
5.616808 4.838703
5.822734 5.403465
5.010219 7.226116
4.272504 7.602615
5.107399 4.407729
5.069680 6.431265
4.063576 6.199736
5.815702 5.312920
4.632096 6.716068
4.106384 6.273315
4.857815 4.904896
4.682922 5.760535
5.410737 6.535107
5.261725 9.141000
5.239529 7.476402
6.835927 4.839160
5.296080 5.577362
4.961535 7.411467
4.536980 5.749778
5.751551 6.794712
4.486281 5.606544
5.852264 5.239616
5.758799 5.289136
5.565181 5.501479
4.206320 5.653198
5.179656 7.388960
4.508030 5.696292
5.508686 5.366322
4.183089 6.984753
6.248244 4.802688
5.239377 4.558996
4.917882 6.762531
5.263491 6.570578
4.641824 5.641821
5.124641 8.395339
4.556244 7.809825
4.606598 5.903615
4.991642 7.005999
4.785893 6.441701
5.398847 6.247927
4.489723 6.418990
4.409636 5.689643
4.134876 5.729898
4.890661 5.490524
4.430482 6.583800
4.102533 7.000280
5.101788 7.181389
4.110034 5.912603
4.292488 6.575513
4.394756 6.461654
4.894052 5.926537
5.268338 4.473573
5.825262 5.559974
5.337928 7.499611
4.596028 6.103495
3.996705 2.696372
4.785732 7.252460
5.223158 7.416726
4.494556 6.356070
4.434196 7.196818
4.463323 4.042778
5.540680 6.784862
4.374899 5.554291
6.333314 5.617706
6.606383 4.566608
5.230970 7.272482
4.380103 6.443686
4.204040 5.621354
4.908377 8.670702
4.387511 6.183649
5.560338 6.603121
4.604433 2.593835
5.808753 5.326428
4.398676 6.355081
5.862201 5.053623
4.428609 5.597013
5.228879 4.628557
4.838600 4.892857
4.509937 6.331512
4.085061 5.569131
5.223077 4.935144
4.152080 6.454780
4.748714 6.688389
5.355700 6.720521
4.558417 5.690113
4.438204 6.414156
4.372340 5.457541
4.666319 2.510295
4.395481 4.142768
4.669516 5.015451
5.749430 5.605929
3.767283 4.451938
4.662843 6.355706
4.668622 8.584066
5.369135 5.788516
5.658139 6.560676
4.977114 6.013717
5.103052 5.293595
5.462706 5.752138
4.376264 5.828576
4.525803 5.187691
5.471848 6.835955
4.866152 4.848419
5.364132 4.977007
4.730446 5.091536
4.238681 6.118024
5.275110 6.249771
4.941539 6.376137
4.500010 7.328981
3.941031 3.209087
4.697414 5.979571
4.694493 5.984692
4.397101 9.915504
4.167898 6.375014
4.693525 5.973221
5.078156 4.606197
5.082699 6.725840
4.802035 6.039944
4.755637 5.938593
5.786964 5.088231
5.633950 5.565184
4.142345 7.034230
5.438160 5.968912
4.128024 5.924536
5.435891 6.786900
4.713712 5.992042
5.762753 6.944271
5.357731 5.082824
5.295810 7.483160
4.711380 6.067022
4.425856 6.852767
5.005672 7.297060
4.828271 5.324829
4.688110 5.969689
5.034460 5.212588
5.039444 4.486369
4.655113 7.141370
4.071730 6.653335
5.877182 5.839737
4.841882 6.031494
5.435999 4.850154
5.667211 5.722443
5.486467 5.941825
5.139966 7.011879
5.629073 5.091623
4.957287 7.112991
4.809634 7.275122
4.833863 6.215978
4.836538 6.087438
4.834987 6.199320
4.799749 6.225113
5.453887 5.290207
5.454166 8.668455
4.870720 5.830832
4.776711 6.113178
4.101800 6.507850
4.127619 5.725560
5.222630 5.413504
4.177385 7.139979
5.531502 4.134326
5.597859 6.456760
4.729661 6.103940
4.701846 6.003408
4.910858 7.147810
5.722910 6.889036
4.436418 5.338511
5.546474 6.773303
5.095835 5.908728
4.730257 6.130509
5.996411 4.138832
5.907805 5.651330
5.729786 5.885046
7.324114 3.080728
4.629640 7.189817
5.177483 6.267077
4.242332 5.329897
4.826980 5.966853
6.594883 3.782834
4.703335 7.150318
5.312525 6.455887
4.736454 6.184422
6.723166 4.144706
5.463788 4.666860
4.810048 6.019507
5.221732 5.165190
4.717659 6.113885
5.415765 5.566105
4.185087 5.980701
6.027315 5.499635
4.874113 5.075426
4.643817 5.291746
4.907265 5.973415
5.489500 4.624605
4.118384 5.508717
5.256863 4.656691
4.804180 5.795241
4.801158 6.112271
5.118399 7.038598
4.741928 5.847427
4.825313 5.894163
5.320971 6.571187
4.770491 7.734307
4.669878 5.724255
4.749021 5.817684
4.712492 5.935750
5.662967 5.046246
4.512911 5.351485
4.794736 6.006576
5.151474 6.743459
4.631076 6.388892
4.552871 6.108636
4.577995 6.192399
4.737803 5.884145
4.590481 6.097760
4.954910 7.619877
5.600091 4.183777
4.738645 5.864767
5.340141 4.458968
4.696602 5.982139
4.520432 6.226087
4.737158 3.982653
4.304037 6.443999
4.953133 7.753345
5.420720 4.377127
5.721606 5.834327
5.542237 5.790235
7.779414 3.955095
4.623650 6.113119
4.772175 6.207764
4.581313 6.242603
6.277677 5.052038
5.511101 5.250664
5.925545 5.389699
5.954064 4.581417
4.264469 5.335732
4.262341 6.606950
5.169074 4.482922
4.836659 6.195376
4.752128 5.836082
5.254308 7.390182
4.797196 5.839017
4.620262 6.245533
4.684866 6.217978
4.517190 6.760489
5.542988 5.411437
4.642563 5.030048
4.774619 6.072245
4.610093 6.126511
4.673061 6.214271
4.732182 6.082850
4.673248 6.030424
4.742462 5.892229
4.617812 5.942363
6.746696 4.038310
4.698248 6.218416
4.768259 5.840661
4.721238 6.182543
4.636795 5.938056
5.593403 4.469912
4.767159 6.141394
5.133587 7.209389
3.925769 7.762197
5.433989 4.853536
4.967333 5.537620
4.789175 7.771937
4.865067 5.675754
5.719232 4.990891
4.574758 6.057686
4.652074 5.950001
4.224668 5.509515
5.453947 4.561910
4.198915 2.864724
5.874422 4.785398
4.810829 7.739620
4.798935 6.692994
4.567416 6.220361
5.914511 4.980347
5.056777 5.052943
4.726393 5.846607
4.742276 5.934318
5.254169 5.453403
4.669115 6.042804
4.611264 6.037401
4.207298 6.333189
5.424511 6.627821
4.461747 5.421551
5.670967 4.958240
4.799770 6.016259
6.645951 4.837392
4.770085 6.166429
5.212204 6.271489
4.621874 6.762368
4.831419 6.178247
5.495289 6.709392
4.682463 6.147979
4.830352 5.771487
4.609941 6.086757
5.079561 6.171698
4.922348 5.372994
4.640720 6.174880
4.765513 5.831805
5.787521 5.688471
4.515328 2.935357
4.824451 5.861609
5.323516 5.741674
5.627261 4.711586
4.597720 3.858355
6.009671 7.444283
5.242506 4.394072
5.699626 4.790034
4.548827 5.276358
4.585099 6.054092
5.376727 6.813168
6.445006 4.903010
4.635840 6.058291
4.163820 5.855277
4.540908 6.103946
4.759151 6.182118
4.612157 7.419743
4.865347 6.847248
4.715417 5.955282
4.351280 6.609295
4.397599 7.412394
4.712430 5.860704
5.580679 5.986831
4.044806 5.437511
4.882650 7.583719
5.479239 4.683354
5.908936 5.217628
4.979563 6.058137
4.620777 6.165065
6.022637 3.774295
4.987980 5.994473
4.780824 5.924138
4.935447 6.051214
4.465967 6.154911
4.781545 6.072956
4.553968 5.830894
4.703509 7.414909
4.620299 5.730205
4.623371 5.969236
4.626915 6.383459
4.967561 6.072985
4.477152 6.298693
4.610559 6.386339
4.981771 7.738322
4.889400 5.887336
4.950788 6.024844
4.301221 5.696460
5.327492 4.866586
4.904928 5.904026
4.555079 4.935946
4.638595 4.734045
4.682141 6.346165
5.241947 4.654621
4.591576 5.995471
4.752970 6.383131
4.630324 6.387878
4.703911 6.298117
4.716113 6.256980
4.645904 6.150867
5.665818 4.731469
4.981344 6.059453
4.653655 4.924943
3.896667 7.289187
4.827870 6.363668
4.599546 4.842709
4.579700 6.276544
4.860452 5.814270
4.839132 5.906778
4.599730 6.385714
5.415931 5.744954
3.810629 4.781443
4.384077 6.703831
4.953548 6.010356
4.742589 6.258375
4.867911 6.023160
4.618773 5.521369
5.706001 4.886670
4.723482 6.187889
5.776575 5.586394
4.540086 6.131299
4.802506 5.792309
4.809310 6.398533
4.761874 6.004887
4.660107 6.073603
4.970357 5.867040
4.888581 4.708535
4.668619 6.358219
4.641748 6.287208
3.756464 8.031358
4.847881 5.783607
4.393012 4.730309
4.708189 6.258955
4.424854 4.857469
5.456330 4.614644
6.418218 3.959737
11.476744 4.835694
4.223597 6.084082
4.683999 5.968919
5.095644 7.287745
4.181129 4.792055
4.999879 5.995698
6.689759 4.093522
4.894325 6.044577
4.694631 6.029511
4.791527 6.877059
5.435046 5.181304
4.568327 6.363310
4.635014 6.231501
4.533246 6.331190
4.866785 5.910195
4.960595 5.268171
4.718201 6.259299
4.692330 5.789343
4.889380 5.621076
4.949335 5.786801
5.549212 6.355680
4.128351 6.350459
5.281776 7.071902
4.935220 7.770728
4.680748 4.963925
4.589314 5.962831
4.728369 3.814977
6.731214 2.523588
4.704465 5.931632
5.463598 2.281598
4.445128 4.865249
4.679493 6.170236
4.580950 6.219797
4.785021 6.102943
5.418371 4.477386
4.864334 5.905188
4.309047 5.920104
4.969305 6.048412
4.591414 6.313864
4.643818 6.336077
4.613852 6.089833
5.253690 6.480504
4.759785 6.346316
4.841751 5.941267
5.622624 5.465315
5.877596 7.024623
4.129085 6.642642
5.504468 5.976537
5.238399 4.974697
5.240010 4.429706
5.918989 4.914518
4.873590 5.812500
5.119189 6.867107
4.715847 6.330376
5.638885 4.961329
4.874052 6.031308
4.834955 6.115389
5.375947 6.854506
5.035236 7.216726
4.170707 3.537410
4.652005 6.228550
4.601108 5.529144
4.269081 5.487720
4.717706 5.913654
5.934140 2.792084
4.455917 5.062782
4.711753 5.633354
4.582664 6.292032
3.781887 4.410685
4.680700 6.026945
4.536327 4.925102
4.666567 6.273502
4.704478 5.845097
4.801603 5.275393
4.886661 5.965409
5.529902 4.944140
4.621924 6.109776
4.794595 6.141252
4.676212 6.059469
4.269362 7.636369
5.464569 4.569895
4.851338 5.815468
4.599741 5.809818
4.912479 5.986852
4.538517 5.879126
4.720916 5.631383
4.624013 6.352272
4.742864 5.686631
4.603335 5.781923
5.082690 6.701475
4.380859 7.107343
4.259452 6.304980
4.790701 5.689023
4.375009 5.330213
4.845818 6.128660
4.591032 5.923478
4.747396 7.690668
4.733246 5.771122
7.095327 3.232074
4.922254 6.195291
5.654944 5.212021
5.319384 6.797640
4.594080 5.930337
5.866502 5.582749
4.833813 5.745337
4.091587 7.126290
4.699931 6.020710
4.550167 6.309847
4.576009 5.765527
4.589061 5.810079
4.866160 8.329146
5.206725 4.456422
4.815427 5.632903
4.997646 6.161674
4.891747 6.175652
4.636892 6.115510
4.651805 5.783109
4.532165 6.284688
4.699829 5.721003
4.847094 6.527906
5.238731 4.797290
4.790494 6.300193
4.663762 6.728543
4.845035 6.939623
4.686690 6.008204
3.901817 3.058637
4.712971 6.262106
4.567457 7.333959
4.751501 6.225268
4.648382 5.795142
4.745932 5.810479
5.575376 9.106698
4.745196 5.653200
4.860064 6.222250
4.853561 5.940303
4.954945 6.102676
4.631554 5.842936
4.721050 5.764940
4.646617 6.178252
4.912077 6.102977
4.720156 6.580195
5.316559 8.671268
4.890673 5.786159
4.650945 6.043254
4.791545 6.122330
4.725796 7.644937
4.559724 5.580456
5.568795 4.410668
4.855351 5.738416
4.568508 5.929669
4.717880 6.066200
4.727555 6.198145
4.589143 6.339541
5.787226 4.952493
5.196270 4.582223
4.649156 5.802906
4.699716 5.688029
4.861848 5.752690
4.948124 5.719296
4.796018 6.290249
4.868723 6.219926
4.625995 6.380752
5.203176 5.855802
4.065602 6.666367
3.955426 4.401126
7.841690 3.997224
4.204238 6.291736
5.928675 5.560609
4.880133 5.873870
5.548888 5.426507
4.094267 5.438323
4.735348 6.324926
4.921609 5.773881
4.764937 6.025728
4.759125 4.983255
4.890417 6.212001
4.857302 6.061799
4.899384 5.746881
4.538328 6.013844
4.640017 5.912283
3.924676 4.437232
4.757164 5.492581
4.964832 4.504209
4.999043 4.379218
4.101096 6.831528
4.688705 5.634891
5.151200 7.361156
4.887112 5.775861
4.741250 5.822636
4.757944 5.885060
4.093425 5.858904
3.826679 6.073375
6.006037 3.685252
5.496313 4.772591
4.845922 5.879311
6.289952 5.179193
4.877571 6.136860
4.958202 4.602375
4.679339 4.762101
4.921021 4.507711
5.389703 5.731227
4.411613 7.173884
5.331555 4.562080
4.867177 5.679351
4.589638 6.287204
4.673610 6.040802
4.076349 5.484789
4.777887 6.175725
4.766836 5.255954
4.851265 7.211237
5.359109 5.940487
4.792290 6.286401
4.801552 5.639605
4.737988 5.760021
4.633739 5.926071
5.810427 5.681845
4.590198 6.301466
4.408695 6.604718
4.663295 5.879664
4.850757 5.904597
4.255521 6.526392
6.500390 3.926021
4.856048 5.645247
4.699640 6.176832
5.890012 6.511289
4.617054 5.159867
4.808619 4.421158
4.972631 6.014906
4.299012 6.462249
4.885413 5.666399
4.702006 6.086481
4.681575 5.515832
4.902406 6.195567
4.800982 5.666952
4.640657 5.987314
6.878458 5.710814
4.564768 6.105260
4.848840 6.118031
4.814282 5.721380
4.873913 5.764316
4.684388 6.911585
4.965439 5.889563
4.670307 5.831143
4.832682 3.850011
5.755130 5.190511
4.863048 5.966335
4.730474 8.381289
4.288661 6.018316
4.425323 6.215795
4.553409 6.349020
5.023790 9.125762
5.784139 7.298041
4.929950 5.807401
4.410003 7.322689
4.372059 7.100953
5.365085 3.545746
4.583493 6.009127
4.825846 4.540246
4.094598 6.065388
5.037396 4.725248
4.762455 5.879408
3.947765 4.655271
5.351781 6.765892
4.785937 5.470624
4.412263 4.910903
4.990861 5.674831
5.019969 4.546628
5.214329 5.537713
4.608910 4.948932
4.982100 6.209588
4.833525 5.777913
4.788152 3.854414
4.616539 6.398397
4.393687 5.735693
4.662185 6.182558
5.166082 4.377598
5.699495 5.289733
4.813276 5.646522
4.935388 5.987405
7.466512 4.216003
4.706846 6.239954
4.843344 4.677200
4.689524 4.465077
4.465758 6.810445
4.698056 6.371264
4.633422 5.812454
4.871477 6.213312
4.689889 7.706229
4.756550 6.232150
4.659766 5.834524
4.677947 5.896427
4.607466 5.982109
4.685152 6.520979
4.834146 6.953034
4.595093 6.215569
4.589329 6.477570
5.499558 6.421664
5.154725 7.238530
4.333315 6.218922
4.650033 5.071057
4.919836 5.713037
4.574150 6.461378
5.039584 6.445360
4.666264 6.349621
4.858838 5.720393
4.851046 6.111956
4.653763 6.517089
5.428954 6.621920
4.117838 5.969573
6.086224 6.064799
4.765426 6.269135
5.545471 4.831934
4.392124 5.344537
4.940229 6.082230
6.086723 3.356464
4.935738 4.433091
3.855454 8.027844
5.521194 4.631502
4.666641 6.475368
4.810274 5.983761
4.832371 5.830370
4.872607 5.897428
4.619143 6.024138
4.672217 7.485542
5.086701 3.323604
5.797120 5.825540
5.693703 5.418919
4.599301 5.831995
5.207785 6.068787
4.748250 5.847065
5.556495 5.842196
4.882986 5.994097
4.921898 4.687823
4.950651 5.869285
4.854667 5.993690
4.578934 6.457732
4.675082 6.096543
4.813521 6.758996
3.977149 5.104985
4.577154 4.874557
4.648613 5.988954
5.458417 6.294292
4.645915 6.481914
5.082038 7.288315
4.778781 5.714897
4.913066 5.921432
4.854354 5.706452
4.695818 6.535516
4.671245 6.122640
4.453761 7.590978
4.889068 4.533250
5.224659 6.942767
4.761774 6.434538
4.735986 6.422352
4.820976 5.758119
4.400414 7.700859
4.601442 6.547857
4.555219 6.342945
6.644721 4.668894
5.190245 5.101385
4.842381 6.448250
4.907305 4.412031
4.353851 5.745725
4.397094 6.849907
5.733721 5.322778
4.717387 6.259991
7.396363 3.809087
4.507946 5.016171
5.524761 4.735126
4.445994 7.751080
5.098825 5.098658
4.848933 5.839429
4.822249 6.510911
4.847314 5.726563
4.632683 6.515754
5.149677 4.791095
5.745256 4.732069
5.152591 4.493452
4.956028 5.132002
4.127662 6.779343
4.673829 6.527710
5.615290 5.037293
4.797293 6.553049
5.539074 6.187297
4.881467 6.020390
4.756539 5.985281
4.909693 6.237675
4.773761 6.529654
4.894963 6.277475
4.817645 6.707491
4.949223 5.649681
4.808171 5.667572
4.938246 4.517280
5.568831 4.282294
4.942465 6.362675
4.784150 5.924476
5.127327 6.867771
4.980093 6.319558
4.567051 6.420810
4.605376 6.147991
4.612709 6.238765
4.508435 5.734146
4.828748 6.416697
4.711939 6.494537
5.666159 6.173672
4.609259 4.993464
4.851319 5.696978
5.080339 5.899781
4.680525 6.557252
4.603976 6.343818
5.135937 3.721442
4.678944 5.896396
5.043048 5.911265
4.309410 6.224018
4.833479 6.292511
4.556293 5.873512
5.910099 6.171469
5.676660 3.423270
4.898604 5.854213
4.751576 6.234579
4.533366 4.993306
5.056890 6.714453
4.490825 5.388195
4.977989 5.781878
5.898197 4.916862
5.220004 4.665168
5.040924 5.821098
5.417011 4.455904
4.464382 6.790697
5.480815 4.424059
4.428223 7.576011
5.251088 7.037106
5.726491 6.175588
4.463133 5.411569
4.744685 6.432248
4.923477 7.598336
5.081194 5.834005
4.869350 6.290900
4.286717 7.447617
5.523591 7.082505
4.730857 5.774159
4.755520 5.911523
4.568707 5.445500
4.958325 6.066962
4.931386 6.168813
4.208638 6.693546
4.713966 5.625285
5.781129 5.052396
4.076826 7.233258
4.646441 6.498448
5.878904 5.097044
4.246998 7.461514
4.906075 4.027658
4.907361 4.394341
4.394627 5.337389
5.174305 5.451292
5.389136 6.071270
4.380582 6.881325
4.965969 4.424625
5.395745 5.917067
5.012400 5.917621
4.837075 6.054307
4.812368 6.070923
5.756521 6.128442
4.242512 5.929052
4.378026 6.199900
6.211596 4.316287
4.406975 6.227709
4.398346 6.156351
4.853847 5.740268
4.539138 5.871552
4.153182 5.438724
4.686138 6.113541
4.853305 6.155080
8.957099 3.675360
4.746511 6.460039
4.104938 7.285799
4.740849 6.043238
4.070179 7.295438
4.056775 4.638078
4.835348 5.850413
5.052184 5.733311
4.967384 4.719893
4.920181 5.926380
4.528527 7.724977
5.099300 5.692262
4.524818 6.246041
4.453892 6.137571
4.761930 6.305203
5.094208 6.054244
4.820763 6.293538
4.629043 6.542291
5.041459 5.850377
5.096809 5.920627
4.963435 5.480013
4.648735 5.700590
5.076867 8.448638
5.497274 5.576079
4.545075 5.675303
4.682522 6.489732
4.849687 6.256423
5.035797 5.754169
5.071701 6.070573
5.133697 9.146956
4.620683 5.773088
4.500031 6.174170
4.665359 5.665287
4.939862 5.508103
5.280561 4.492151
4.706269 7.209249
5.709955 5.699264
4.064808 7.134143
5.107306 5.962327
4.465312 6.704909
4.558627 4.946856
4.891692 6.202824
4.383930 6.363271
4.538815 5.665501
4.965196 5.597036
4.483540 6.372249
5.079103 5.685914
4.540040 7.428300
5.136385 5.650931
4.807902 6.421850
4.638968 5.583054
4.506387 5.167557
5.078634 6.072803
4.647784 7.790595
4.457321 6.295226
4.693693 6.526417
4.285631 6.874549
4.712820 5.924596
4.416869 6.368472
4.538923 4.810796
3.899134 8.120408
4.626120 5.926158
5.344726 6.846024
5.070647 6.077879
4.622748 5.724087
4.567738 6.004794
4.973863 5.634884
4.900258 5.585930
4.606245 5.775805
4.901759 4.811274
5.000850 5.787361
4.112137 6.106624
4.978063 6.395926
5.171341 7.417261
5.153436 7.623612
4.232141 7.228794
4.956251 4.383604
4.562855 5.921447
4.599471 6.251442
4.770321 8.863816
5.195404 7.113302
4.979289 5.566718
4.688480 6.160614
5.348247 4.744145
4.996671 5.855523
5.138415 6.035917
4.616090 6.306488
5.796407 6.164143
4.645629 6.057298
4.398503 6.258400
4.812721 5.485920
4.923833 5.511513
4.810273 5.624667
4.569918 6.543326
4.625181 9.179416
4.653494 5.698059
5.124230 7.602457
5.427943 4.932352
4.498865 6.141003
4.849747 7.018216
4.705740 5.549340
4.789338 5.598238
5.447762 5.470865
5.106169 5.749976
4.383739 6.330687
4.905254 5.245862
5.012415 5.669406
4.345206 6.767282
4.890445 6.298302
5.094123 5.735476
4.816706 5.610231
4.793014 6.454618
4.771878 6.416743
5.783172 5.413250
5.226427 7.779307
4.967055 5.591629
4.899149 5.602013
4.690711 4.412837
4.976350 6.326556
5.048601 6.024094
4.536361 5.761123
4.028917 7.222406
4.594558 5.726017
5.126086 5.781378
4.974322 6.118431
4.874493 5.709226
4.720376 6.276889
4.746704 5.695224
4.950524 6.227189
4.761168 5.573110
4.761697 5.505022
4.619431 5.816212
4.428938 6.143044
4.867217 6.004632
4.630106 6.130013
4.475741 6.274669
4.469706 6.835746
4.969288 6.199560
4.455880 6.226499
4.777993 6.227208
4.632533 7.621084
4.918261 5.623614
4.549199 5.549421
4.689287 5.586736
4.805118 5.787275
4.642593 6.033846
4.658265 5.629477
4.667408 5.745637
4.731376 5.483111
5.077311 5.742447
4.584363 5.789677
5.814858 4.891011
4.371296 7.215256
5.453591 5.057288
5.001398 4.407580
4.892691 4.100427
5.336433 4.649678
5.025502 6.058431
4.919913 4.603210
5.064800 5.676107
4.629697 6.709820
4.489264 6.017790
4.403091 5.978885
4.593636 4.962444
4.526569 6.333410
4.507448 6.403881
4.531209 6.280054
4.500924 5.988743
4.950436 6.295638
4.288270 7.162017
4.483688 6.050827
4.395814 6.703580
4.703053 6.020022
4.413551 7.699976
4.938543 5.802906
4.561561 6.135543
4.346081 5.027736
4.715241 6.540391
4.899307 5.772898
5.054341 5.796873
4.396701 6.579755
4.492064 5.970396
4.901311 7.696116
4.416395 6.086480
5.219758 5.507071
5.439526 6.998589
4.570395 5.727742
4.529145 4.880491
4.698698 5.769639
5.131398 5.962587
4.683393 5.301041
4.803754 6.400063
5.154813 4.698402
4.916086 5.504724
4.392273 4.307180
4.664544 6.618830
4.970859 6.241666
5.075103 5.721741
4.975595 5.621451
5.170731 4.683481
4.724029 5.766156
4.523960 6.404669
4.790804 5.501760
4.328288 7.312971
4.868672 4.942782
4.755432 6.515254
4.472454 5.944713
5.034809 6.083122
4.458188 6.184002
4.910903 6.039577
8.718339 4.655358
4.885362 5.470853
5.666531 5.302433
4.531313 6.527481
5.278544 2.723533
4.833471 6.360539
4.892724 6.194388
4.570569 5.742686
4.910661 5.114115
4.762580 6.545865
4.519037 6.158951
4.168914 5.688791
4.580890 5.704724
4.717605 6.187503
4.886625 5.636368
4.670534 6.080422
4.612464 5.903470
5.381119 5.740520
5.920462 4.708553
5.121196 5.691880
4.846520 6.403760
4.575229 6.233414
5.283656 6.931593
4.439162 5.969300
5.142934 5.289920
4.552736 6.335820
4.784234 5.549732
4.398783 5.995375
4.841425 5.856545
5.197085 9.755857
4.743577 5.608508
6.126967 6.999441
4.994904 5.509901
5.105652 5.659894
4.702643 4.618893
4.913940 5.901413
4.934226 4.499091
4.406756 6.409299
5.236857 6.417452
4.823046 5.669850
4.721481 5.946613
5.049725 5.546223
4.947566 7.227939
4.959362 6.224994
5.251539 5.457869
5.669887 4.424253
4.285308 4.720826
5.039646 5.930673
4.580484 5.920960
5.027156 5.966965
5.662497 4.555078
4.681199 5.644238
4.494426 6.007694
5.576756 6.769434
4.851581 6.148581
4.541915 5.683469
4.531979 6.251437
4.809306 5.518413
5.130921 5.841878
5.001794 5.501423
4.859389 5.912078
4.945385 6.286413
5.067670 6.215176
4.475395 7.202659
4.642967 6.483398
4.948484 6.593870
5.080910 6.173499
4.774032 5.501210
4.698424 5.772700
4.550461 4.846350
4.779817 6.415310
5.044078 6.111423
5.467397 7.153766
4.401348 6.315659
5.136471 7.204866
5.106773 5.606002
4.341226 5.911263
5.013127 7.581671
5.555963 6.203032
5.272100 5.970091
5.485675 5.991192
4.512873 6.436615
4.438301 6.538862
4.387595 5.981724
4.610412 5.127592
4.966736 5.484810
4.821958 5.488695
5.130622 6.173946
4.433738 6.519210
4.556157 6.662706
4.363206 7.165747
5.392599 6.102529
4.504503 5.265825
4.808591 5.860604
4.543021 6.067219
4.674454 6.669662
7.334507 0.376490
4.216082 6.006359
5.030477 5.754283
4.769109 5.536715
4.802794 6.182189
4.467036 6.542731
4.633511 6.611291
4.561185 6.307938
5.117471 6.228372
5.043345 5.494625
4.688681 6.459878
5.060956 5.874912
4.824561 6.047769
5.439254 6.987433
5.919446 4.492952
4.309620 6.566026
4.090339 5.525757
4.594670 6.591664
5.450403 3.558080
5.002753 6.247029
4.862976 4.929216
4.407505 6.163413
4.977247 6.304193
4.516047 6.291367
4.638587 5.827022
4.389474 6.514603
4.507880 5.941332
5.145087 5.675242
4.536619 6.134688
4.926825 5.813072
5.322978 6.786119
4.339101 6.023453
4.378875 6.209809
4.934988 6.215145
4.467827 6.495031
4.775452 6.021358
4.351462 7.005356
5.012326 5.540074
4.532250 6.441469
5.844872 4.389904
4.887112 5.508579
5.502356 4.950764
5.103651 5.875382
5.235860 4.676485
4.918693 6.444076
5.155746 7.413502
4.836296 5.481410
5.310496 7.077038
4.328363 6.808734
4.389584 6.438943
5.820587 5.618413
6.813143 5.982575
5.052621 6.192717
4.414575 8.625602
4.927984 5.938682
5.046770 6.213821
4.927779 6.546266
5.284350 6.728353
4.975878 6.447488
6.314952 5.174752
5.076779 5.874589
4.109020 6.572361
4.805290 5.513232
5.111781 5.474489
4.587388 6.624361
5.494446 5.314517
4.632964 6.387878
4.866333 6.781460
5.812624 4.449609
4.675734 6.573027
4.565255 6.994301
4.594495 6.465634
4.796726 6.521748
4.967914 6.445986
4.981881 6.495652
4.385058 6.366807
5.125710 5.658025
4.770808 5.859975
4.624199 6.061429
3.797308 4.890161
5.017981 5.580339
4.387462 6.501761
4.476750 6.239980
5.981207 7.175793
4.924225 4.690122
3.031807 8.524769
4.980755 7.871165
4.800692 4.515410
4.903377 5.714904
4.690169 5.818912
4.651484 5.970305
4.848476 5.609608
5.454046 7.109004
4.827238 6.533680
4.476132 6.521409
4.986492 6.551135
4.804134 6.197948
5.010871 6.100052
4.770294 5.648006
4.762739 6.610139
4.956334 6.373507
4.791155 6.614019
4.659747 6.584031
4.555589 5.798796
5.366547 5.490552
4.774729 6.568822
5.767072 4.666083
4.890847 5.554953
4.633994 5.747415
4.835465 6.596689
4.986784 5.924932
5.146951 6.044606
4.406008 6.069176
4.932129 5.985521
4.633084 6.493625
4.690267 6.474659
4.774403 2.522053
4.827966 6.706698
4.886860 5.896418
5.043178 5.838514
4.727592 5.595659
5.244271 5.449922
4.482169 6.486309
5.794574 4.926726
4.598118 4.813198
4.945392 6.226500
5.863193 5.971105
4.952847 5.639090
5.128240 6.147408
5.133022 5.689076
5.643510 5.859786
4.602227 6.236890
4.659571 7.762303
4.405796 5.264746
4.768106 5.895265
4.456942 6.354215
5.082900 5.591114
4.919427 5.650725
4.382049 5.958018
4.784289 5.948544
4.959518 6.404038
4.659628 6.654325
5.677635 4.513392
5.183379 7.804743
4.446263 7.291014
4.524302 7.318059
4.690509 6.284898
5.130379 6.154852
4.478993 6.179953
5.018015 5.909342
4.777614 6.651162
4.836112 6.261143
4.705534 5.579606
5.405455 4.570045
4.725994 5.038738
4.776855 5.967492
4.862925 5.596929
4.934944 4.580091
4.857051 6.541662
4.850871 5.775061
4.376893 6.423275
4.534417 6.541837
5.055253 6.047354
4.286584 5.383971
4.640836 7.220410
4.724984 6.592254
4.482216 6.494775
4.086577 5.705373
4.765030 5.765224
4.730786 6.696104
4.450782 6.378579
4.932665 6.327654
4.834994 5.571114
4.671842 6.274630
5.888330 5.353990
4.649153 6.012528
4.412329 7.056233
4.488991 5.549232
4.656052 5.835289
4.644145 5.824718
4.434961 6.392425
5.935296 4.455271
4.662227 5.961312
4.752230 5.320154
5.015583 5.655519
5.504561 5.276389
4.163576 7.249263
4.417277 6.033099
3.991798 6.104748
4.287973 5.376965
4.075842 7.300275
5.097116 5.523679
5.159543 4.603331
4.881948 6.058842
5.117908 6.161627
4.401103 5.866961
4.742351 5.595943
4.396116 6.101052
4.839231 6.011481
4.863111 5.468541
4.792038 7.316571
4.396466 5.849174
4.972786 5.456400
4.934851 5.555172
4.466301 6.512084
4.155494 5.751133
4.432711 4.898777
4.992663 6.428586
5.883543 6.401311
4.866301 5.455690
4.978896 5.454145
4.422728 5.884008
5.066707 7.257206
4.759161 5.814847
4.670573 6.632268
4.949147 6.519300
5.178238 5.856609
5.332843 6.997216
4.971613 5.821865
4.933409 5.188833
4.067180 6.059435
4.856863 5.379066
4.787949 6.252142
4.856288 6.407960
5.451119 6.427572
4.968900 5.713212
4.874313 6.343946
4.843106 6.569071
4.441827 5.816490
4.391032 5.037201
6.476747 6.180728
4.899708 5.329653
5.117430 4.650641
4.584480 6.426025
4.854239 5.396028
5.086223 5.804476
4.948310 6.072136
4.406929 6.595489
4.886422 6.378420
4.481753 6.452835
4.916488 8.104871
4.980145 5.444633
4.401268 6.447210
4.660186 6.161075
4.605803 6.126881
4.666991 6.326620
4.782908 5.484040
5.565167 6.534861
3.909593 7.482667
5.558876 4.390034
4.900788 5.316384
4.680536 6.039291
5.730875 3.617374
5.840462 4.262506
4.966181 5.514041
4.743472 6.472053
5.066713 5.558321
5.030288 5.188577
5.622758 6.101328
4.706868 4.401308
4.991675 5.528686
5.838469 4.466826
4.860136 5.343155
4.710846 6.200211
4.659955 4.808152
4.806650 6.710803
4.443532 6.137411
4.964025 5.209496
4.589513 5.969738
4.807724 6.305934
6.015767 5.972592
4.140391 7.237980
4.760170 5.651678
7.061358 7.250953
4.826176 5.546163
5.051044 5.509934
4.727648 6.190348
4.418250 6.537989
4.543379 5.642899
4.888350 7.802976
4.423535 5.903070
4.872076 5.850824
4.668864 5.474423
5.671863 5.426609
4.846791 6.333660
5.152569 5.425480
4.464323 5.887592
4.639910 5.479372
5.046115 5.361047
4.790191 6.038681
4.455842 7.790066
4.672684 6.708093
5.388954 4.675043
5.664972 4.881768
3.909785 4.681421
5.120013 5.385363
5.205642 7.806015
4.667891 8.999440
4.868405 6.461155
5.078695 6.281577
4.729731 6.861925
4.520426 5.804146
4.540552 5.856511
4.732891 6.192954
4.433172 4.853709
4.830951 6.685125
4.967944 5.385734
5.104772 5.983091
4.893710 6.234701
4.885099 6.045601
4.618699 5.482100
4.518048 5.822629
5.114440 6.230493
4.595308 7.460619
4.697492 6.198864
5.015371 5.526365
4.580510 5.978662
4.884247 7.834395
4.928811 5.951134
5.120049 5.424545
4.681883 5.565234
4.687578 4.049898
4.508049 6.247151
5.091923 5.931718
4.649692 5.585249
4.899166 5.343474
4.836413 5.927570
4.723893 6.499023
4.502564 6.407322
4.958507 5.348636
5.137964 6.474979
5.037893 5.802488
5.047675 6.097052
4.603350 5.495561
4.476683 5.815426
5.697867 5.597957
4.507308 6.300170
4.842603 7.460981
5.014934 5.756662
4.497505 3.804269
5.718822 3.475740
4.849428 6.272679
4.785993 6.299123
5.479544 6.983016
4.704250 4.516491
5.288177 5.776856
4.654782 6.154330
4.094493 6.298610
5.288329 5.767300
4.474118 6.668941
4.795898 5.450408
4.764227 4.546371
4.708881 5.435494
4.441807 6.627710
5.001929 5.405292
4.518294 6.483682
4.762227 5.637972
4.376719 6.713499
4.011644 7.761845
4.938131 5.644378
5.025950 6.343554
4.481985 7.087724
4.913652 5.639216
4.757947 5.458403
4.414060 6.573421
5.139143 5.944114
4.814768 5.401828
4.478534 5.831410
5.141312 5.335632
4.960624 6.496477
5.009094 4.076264
4.492744 5.929473
4.537696 5.857526
5.229160 5.785028
4.507743 6.696222
4.738614 6.639209
4.720742 5.324441
5.042504 6.037181
4.427160 6.707729
4.730488 5.317655
5.435058 4.942642
4.759535 5.042139
4.445993 6.365171
5.247132 5.766137
4.400434 6.867566
5.919896 8.187140
4.419987 6.452282
4.471720 6.686899
4.735428 5.391001
4.838573 5.378459
4.511489 6.694088
4.914293 5.989649
4.876454 5.397704
4.469432 4.731148
4.479196 5.443813
4.841457 5.819957
5.235515 4.819517
4.425825 6.165483
4.757051 6.318986
4.893413 6.907191
4.968529 7.886635
5.039549 6.359040
5.094727 5.323185
5.290553 4.202649
5.461890 9.994245
4.857955 5.585279
4.820814 5.325004
4.605596 5.766575
4.376777 5.895824
4.813202 5.401965
4.859425 7.230396
5.308764 5.642665
4.577833 5.660582
4.489750 6.679659
4.449708 7.792477
5.115276 4.228756
4.625437 5.618711
5.391781 5.392697
4.388323 6.201647
4.446567 6.368430
4.773366 6.654109
5.386718 6.225875
4.942540 6.198663
5.123332 6.118586
4.068624 5.851458
6.137009 3.702642
4.795436 5.321131
4.865366 5.873033
4.684229 5.499700
5.340506 4.489863
5.546144 6.795568
5.084483 5.808652
4.838202 6.652167
4.534699 6.486539
6.096679 7.048001
4.791873 5.465220
4.542508 6.222493
4.854609 5.393505
5.184428 5.744569
5.124356 5.751801
4.396727 5.111331
5.534608 5.677027
5.082359 6.710865
4.687851 5.378478
5.268310 5.860600
4.915301 6.492655
4.497310 6.633422
4.745683 5.347116
4.710662 6.563926
4.749387 5.509000
5.141417 5.770723
5.050778 5.123460
3.816198 4.494608
5.246747 5.693740
5.116176 4.314690
5.795944 4.844688
4.978373 5.533803
4.519336 6.446452
4.782494 5.341411
4.853154 6.225953
4.521016 5.908008
5.587690 4.679381
4.948091 5.537559
5.268254 5.598235
4.395627 6.473829
5.197212 5.492888
4.991939 5.374907
4.536649 6.059134
4.431405 6.641695
4.726276 7.756845
4.452172 6.702093
5.367042 5.798295
4.563131 6.306090
4.856917 5.320314
4.244948 5.881589
5.165373 5.577251
4.827001 5.142701
5.354807 6.152683
5.060554 6.400270
5.202674 5.490725
4.841871 5.336802
4.761893 6.096856
4.686816 7.251901
4.890427 5.551991
4.951581 5.983088
4.832054 5.387700
4.932518 5.705056
5.102133 5.414367
5.244376 5.811930
4.508133 5.880801
5.894444 4.693733
4.938956 8.030174
4.880250 6.697862
5.551456 4.155317
4.917833 6.678488
4.939193 6.665683
4.903475 6.307621
4.319598 5.601693
4.834442 5.780127
4.794060 5.382228
4.376151 6.393657
4.337150 4.841234
5.191533 5.617255
4.927098 6.696952
4.486465 6.641451
4.604419 6.103505
4.838704 5.095486
5.850914 6.086574
4.717788 5.359945
4.516830 5.235609
5.205716 6.052510
4.414381 6.259573
5.207891 5.637395
4.690278 5.439075
4.943751 5.846132
4.537807 6.604013
3.926860 2.501284
5.406783 9.613146
5.225594 5.944049
5.203515 5.861137
4.848977 5.679172
4.690331 5.475998
4.950680 6.639787
4.629568 6.834849
5.755226 5.468015
4.561471 6.856671
5.039928 6.123896
4.466287 6.083964
5.228792 5.985044
5.334522 7.038824
4.697980 6.283726
4.305686 6.666466
4.052955 8.091081
5.173522 5.879219
4.428789 5.837506
5.198661 5.558644
4.958675 5.886085
4.874144 5.358311
4.666908 6.044116
4.644151 5.611956
5.023360 5.834473
4.782491 6.411464
4.719537 5.394435
5.281644 5.660842
4.519276 4.974694
4.890159 6.591585
5.246865 6.069024
5.091489 5.687816
4.666593 5.669365
4.998609 6.642863
4.780962 9.562575
5.025957 5.125844
5.222810 6.011625
4.400936 5.788230
4.993101 4.053968
4.586895 6.817832
5.187235 5.684002
4.513786 6.128001
4.835854 6.436508
4.615801 6.251023
5.093427 7.683939
4.760293 4.534729
4.544173 5.568284
4.581046 6.140611
4.598576 6.833510
5.180493 7.367198
4.630676 5.115797
4.964345 3.779855
5.286257 6.015913
5.548521 4.202968
5.117651 6.019369
4.789369 5.505724
4.382979 6.528139
4.571458 5.486493
5.908849 6.260253
4.918929 6.333454
4.298858 5.892718
4.874244 6.644341
5.149509 5.394183
4.056588 6.034650
4.538934 6.512584
4.067182 5.336003
4.540798 6.727757
4.630470 6.114282
4.609344 6.070774
4.719716 5.551644
4.797244 5.455715
5.303554 5.538778
3.847805 6.769072
4.831661 5.685431
4.416070 4.104321
4.554043 6.365304
4.880863 6.157963
5.142471 5.402107
4.880284 3.765297
4.419128 6.549573
4.650987 5.908029
4.288552 5.243359
4.417910 6.621892
5.232313 4.455462
4.939032 6.238446
5.290342 5.743350
5.513701 4.207712
5.938019 5.232010
6.851551 5.169552
4.748619 6.638380
4.542661 5.699303
4.965533 8.022729
4.932876 5.632571
4.629853 5.804796
5.634376 5.383147
4.944370 5.357470
4.473717 5.882919
5.436788 6.879529
5.269691 6.035818
5.554924 5.857615
4.758158 6.853128
5.318691 5.889221
5.160862 5.707533
4.760633 6.461855
4.933070 5.443287
4.442017 5.637730
6.073832 5.070455
5.025675 5.783829
4.994218 5.514043
4.476927 5.762352
6.095887 5.130332
4.424706 5.603019
4.702962 5.662157
4.435127 5.638814
4.731014 5.382215
5.045733 5.382696
5.687211 8.121335
5.318401 4.159892
4.791955 6.722678
4.752895 6.204827
5.076571 4.221252
5.784738 4.577305
4.812177 6.856810
4.498347 5.835606
4.435168 5.739801
4.790897 6.631155
5.056384 6.090862
4.934077 6.615889
4.709155 7.458467
4.479122 6.675660
4.814956 6.077282
5.127176 5.756314
4.411206 5.669111
4.584046 6.883820
5.129014 4.066563
5.721679 6.445019
4.803331 6.721213
5.051772 5.993381
5.076527 5.852572
4.943688 5.436861
6.249654 5.009785
3.826621 5.187020
4.956744 6.785712
4.513657 5.655379
6.049598 7.797190
5.228647 5.737144
4.940388 6.504001
4.955817 6.573378
4.509833 5.712252
4.723071 5.661146
4.460986 6.124312
4.728663 6.571328
4.932026 5.929983
5.033336 6.431602
4.500107 6.480784
4.570938 5.656593
4.930685 6.532883
4.384656 5.849488
4.104758 7.099029
4.774366 6.785715
5.288846 5.753827
4.885083 5.930777
4.533998 6.761304
4.964287 4.612474
4.948029 5.671922
4.487172 5.972775
4.386181 5.744030
4.469462 5.789050
5.905267 2.986115
4.866934 6.244516
5.285039 5.340798
4.602718 4.824291
4.632989 6.061868
4.090618 7.459707
4.814940 6.113836
5.116559 5.848936
4.422468 6.612191
5.808926 5.027872
6.562992 5.698911
5.470317 6.550454
5.150192 6.479727
5.135425 5.305017
6.133921 5.239456
6.352605 3.239135
4.816111 6.065321
5.206808 5.921001
4.764123 6.746941
4.497606 6.333571
4.970632 5.296694
4.994829 5.434083
4.678888 6.384704
4.926190 6.961975
5.119969 4.151913
4.673315 6.209388
5.312023 7.860695
5.161339 5.949858
5.125566 5.245715
4.795687 5.392618
6.248137 5.297485
4.628563 6.074180
4.845246 5.218038
4.486723 5.750926
5.064314 6.208336
5.296240 5.720354
4.472624 5.970467
5.149325 5.624921
6.169709 4.775535
4.697036 6.517576
5.261396 5.762366
4.786682 6.750808
4.626561 6.521059
4.388570 5.853592
5.930631 4.512021
5.457968 4.421441
4.267496 5.055690
4.404073 6.218338
4.845016 6.060029
4.968519 5.233747
5.391437 5.340712
5.060351 6.513428
3.955290 6.297846
5.146109 5.413517
4.530057 6.698344
5.307488 6.221185
5.207643 5.446262
4.699474 5.253729
5.251293 6.170814
4.390254 5.635952
4.652414 6.827409
4.479630 5.748298
4.191175 7.070975
4.971325 5.727587
4.551009 5.015364
4.912090 5.454198
5.248449 5.907598
5.264228 5.359018
4.532679 5.493083
3.764044 6.277301
4.939395 5.172682
4.659400 6.868937
4.477980 5.968828
5.190575 6.246362
4.867416 5.469052
4.916881 5.713522
5.182815 5.996305
7.846826 4.221038
5.371910 5.413156
5.208198 6.106595
5.274789 5.782861
5.334034 9.924256
5.383720 7.311695
4.981218 6.229066
6.057091 5.372938
4.805544 6.737628
6.150578 5.477278
5.296258 4.437699
4.870180 5.184692
4.737288 6.168375
4.636612 6.360883
4.507523 5.658509
6.173100 4.699515
4.386733 5.791907
5.280296 5.355295
5.079708 5.177735
6.217113 5.049358
4.699341 5.405094
5.179290 7.030149
4.427370 6.226167
5.234055 6.106498
4.455527 5.115170
5.057981 5.372963
5.071228 5.411392
6.219056 5.525997
5.262211 7.906449
4.702066 4.549665
5.024924 5.213764
4.854270 6.197547
6.680820 3.735726
4.950667 6.665088
4.540357 6.835153
5.168944 5.634570
5.425782 6.788589
5.247985 5.654369
4.637611 6.407008
4.351819 6.834953
4.353541 5.137714
4.813340 6.366615
5.447695 6.595507
4.445933 5.655602
4.018847 6.268205
5.582645 3.973088
4.325032 6.324066
4.658514 5.579862
4.723368 5.386667
4.707762 6.743908
4.489554 6.824591
4.403719 6.783765
4.903948 6.467139
4.707766 5.302857
11.622860 2.630140
4.617743 5.326773
4.354860 6.289090
5.242929 5.968294
6.172460 5.324051
5.132812 6.494856
4.754306 5.414033
5.710238 6.396390
5.316706 7.280350
4.462905 5.157870
6.164702 5.497167
6.021370 5.183907
4.328743 6.362302
5.995753 4.959642
4.376761 6.009768
3.815434 6.281924
4.602096 5.058241
5.726490 7.867694
9.665788 4.962559
5.105456 6.784941
4.945372 6.167517
4.469129 6.760863
4.982352 7.257870
4.245015 6.237102
3.922198 6.618989
4.608079 6.414210
4.481567 5.165598
4.592035 5.386483
5.234226 5.382566
5.107210 5.314878
5.233554 5.670665
4.840694 6.823370
4.000549 6.711665
4.483132 6.793994
4.124191 7.236884
4.469679 6.821571
4.138717 5.215390
5.224699 5.367138
4.816795 8.123102
5.290378 5.984921
4.229422 7.180566
4.716456 4.831057
4.921850 6.508741
4.754402 6.036525
4.323908 6.385143
5.831062 6.572842
4.591750 5.367054
4.766655 4.102466
4.839783 5.868630
5.163581 6.210729
4.899140 6.488501
4.430101 6.808995
4.417079 6.863335
5.796532 6.052351
5.130906 7.912007
6.212992 4.942090
5.426481 7.211608
5.163588 5.973443
4.654968 5.312912
4.334430 6.235220
5.246657 5.526887
5.275982 6.089215
4.716478 6.210994
5.016335 6.549769
5.573153 4.839637
5.190378 5.384547
5.191393 5.831375
4.528481 5.766811
4.680614 5.108463
5.155551 5.596140
5.313468 4.108547
4.253477 6.441502
4.618378 5.760225
4.692413 6.872981
4.219071 6.263781
5.249702 5.927225
4.874346 6.683408
5.827236 1.188394
4.472647 6.887049
5.182504 5.426742
4.005719 6.297890
4.981760 6.161771
5.687707 4.717875
5.285098 5.626984
5.612673 5.097828
4.502274 7.234005
6.113497 5.270669
4.468655 6.436691
4.403785 5.057845
4.449621 5.637475
3.890472 6.352444
4.494805 6.704379
4.554126 8.101228
4.688602 6.543674
4.732263 6.424165
5.928736 4.367542
5.099812 6.480983
5.207719 6.027003
4.477895 6.590536
4.466416 7.910182
4.962290 6.853536
4.863531 6.733421
6.432367 3.959940
4.228956 6.448922
4.696017 6.091957
4.414139 4.645118
4.925039 6.635617
4.846749 6.797391
3.891309 6.788616
3.885728 5.415457
4.545633 4.408218
4.788163 5.185057
6.078947 5.507829
4.551645 5.256876
5.806708 6.381369
5.328623 5.979644
4.588206 4.376558
4.794058 5.996655
4.622441 5.398916
4.820659 6.351285
4.817811 6.827241
5.633650 4.266665
6.190501 5.091791
5.195156 5.206404
4.709901 5.644068
4.715672 6.405877
4.438131 4.427119
4.065806 6.275727
4.956104 5.654525
4.699295 6.368126
6.021595 4.854308
4.400961 8.027852
3.930732 6.497652
4.445045 5.659171
4.934129 6.092443
5.236177 5.635005
4.454707 5.930392
4.592239 5.401510
4.638522 5.605276
4.656333 6.772490
4.439604 5.730268
4.507563 6.519874
4.121639 7.277861
3.798633 6.615750
4.302433 6.558816
4.821076 5.247274
4.454648 6.655134
3.856652 6.436991
4.845800 6.777260
3.760059 4.684465
8.231882 3.576366
5.220233 5.812051
3.876475 6.591807
5.538534 7.429198
5.077183 6.070953
4.566027 4.386451
4.600667 6.708066
4.373523 6.209141
4.594283 6.491067
4.491239 6.848799
4.707116 6.620576
4.359192 5.476404
6.235235 4.560597
5.700863 4.233004
5.172970 5.642328
7.082227 7.450924
4.767062 5.370675
4.242327 6.039488
4.282959 6.008823
5.209918 6.161032
5.281385 6.278389
4.933663 7.843946
5.558802 5.404634
4.753291 5.181245
4.935473 6.802776
4.270108 5.981932
5.259258 7.380966
5.419663 6.740929
4.649012 6.818027
6.106822 4.375994
5.705656 4.142437
4.505523 4.539940
5.186089 6.224599
4.765475 5.241181
4.358887 7.488715
4.893335 7.219416
4.990649 5.984115
4.264345 6.433063
4.214868 5.262953
4.309268 6.127555
4.585728 6.631099
3.999451 6.794221
5.303782 4.123422
5.066426 6.491910
4.396327 7.427054
4.776294 5.242406
4.514172 5.680198
3.895760 6.420819
4.301211 6.020661
4.174032 5.432929
4.502592 6.823143
5.026860 5.964962
4.577245 6.448501
4.676198 6.710516
5.163623 6.276652
5.122086 4.352849
4.689831 6.190519
5.725221 5.877608
4.534569 6.394326
5.070457 6.677949
4.533370 6.903148
4.362001 5.946728
6.245089 4.621372
6.208526 4.521798
5.170461 5.492111
4.650408 6.243846
4.929356 6.293557
5.215810 5.053146
4.088883 7.993075
4.499394 5.037529
5.326250 5.734161
4.005967 6.027637
4.924358 5.207627
4.351279 6.122549
5.314242 5.779397
4.491568 5.579247
4.820982 7.412298
4.724746 7.006876
5.483198 9.604718
4.385962 4.621668
4.465120 5.692923
4.894070 4.618810
3.880123 6.171657
4.908113 6.629504
4.658508 4.642514
3.850144 6.234863
5.210777 6.262209
4.844602 6.381098
4.257360 6.716419
4.249778 6.587871
4.011236 6.045841
5.328989 5.558524
5.351974 3.537360
4.343670 6.359145
5.179348 5.749452
4.869613 6.043879
4.433288 7.315724
4.103105 7.014715
4.413437 6.886250
5.451958 5.558992
3.918160 6.443733
4.815606 5.235697
4.881258 5.887153
4.440916 7.028139
4.801397 4.318523
4.276530 6.610966
4.492196 5.511169
5.522019 6.960690
4.360670 6.179956
3.851258 6.131203
5.146206 5.316931
5.404607 5.615876
5.001107 5.079045
4.865747 5.026548
3.788901 6.267505
4.933698 6.151156
4.606277 6.963592
4.575060 6.560208
4.901316 5.064920
5.422981 5.779498
4.349900 6.429397
4.287613 5.534286
4.877912 5.165799
4.828891 5.475758
4.930469 5.301059
4.309363 6.076599
4.689986 4.256236
4.961264 6.559871
4.525885 6.243439
5.416043 5.823354
4.767645 5.707500
5.138984 6.711273
4.646634 6.886121
4.480770 5.548692
5.121646 7.001725
4.805990 7.908628
6.163150 5.861494
4.014097 6.001053
3.777280 6.033930
4.381091 4.866687
4.301424 6.458602
4.892008 5.076493
5.071948 6.109022
4.077994 5.845799
4.412473 4.667918
4.724944 6.468944
4.851333 5.137242
4.994382 5.022335
4.025310 6.764449
5.147553 5.878449
5.051067 5.101024
4.792974 6.935791
4.581720 5.949460
4.476267 5.735716
5.182522 5.808429
4.878057 5.106025
4.132906 7.768508
5.285559 5.171711
4.604646 6.153843
4.243837 5.945288
4.243482 7.583588
5.319474 5.937476
5.210683 6.091891
4.994190 6.179652
4.420398 6.585589
4.963862 6.755156
5.531893 5.988007
4.743705 4.195490
4.567758 5.508314
4.230560 6.718477
4.669178 5.388577
4.962838 7.475859
5.061637 6.377932
4.676261 5.740968
5.431901 5.483459
5.967351 5.503376
5.449138 7.296934
5.377661 4.555024
3.855268 6.759359
4.473955 4.683241
6.033229 4.494054
4.503881 7.949305
4.530081 5.580489
4.254201 6.140749
4.931888 8.268131
5.172024 7.836749
5.510730 9.230470
4.423033 6.817550
5.643993 6.669992
4.892157 5.702505
8.224230 3.461290
5.418520 5.005221
6.009442 5.313669
5.599783 6.813208
5.092217 6.229426
5.354978 5.685273
5.029731 6.441802
4.517552 5.632980
4.366321 6.387984
4.236615 6.009677
4.928933 5.123767
5.554615 7.051028
3.806884 5.945826
5.086910 5.553831
4.331541 6.168900
4.737445 5.169893
6.012131 4.014950
5.202828 5.024291
4.672812 7.145262
5.634224 6.661965
4.529058 6.909077
5.021183 6.019029
3.966421 6.834862
5.245352 5.042191
4.576353 6.725036
3.908716 6.469422
5.227134 5.420847
4.328565 7.695323
5.346602 5.435193
5.515103 5.867415
4.983766 5.429080
4.225768 7.972305
5.113085 6.795688
4.399753 7.242396
4.308780 5.063601
4.284801 5.855887
4.744911 7.484352
7.616933 2.757192
7.394681 4.702261
4.639238 7.007844
5.054438 6.309343
5.127846 6.553245
4.896649 5.008593
5.424745 6.736819
5.093511 6.703766
5.419647 5.808656
4.757411 5.404235
4.862720 6.399309
5.826654 6.780552
5.302406 6.327015
5.087522 5.823127
3.818395 5.945463
5.235000 6.534885
4.518847 8.033862
4.883892 6.920136
4.849457 5.077712
3.780374 3.762938
4.764143 6.831629
4.400157 4.475560
5.434968 4.350090
5.271056 5.678267
3.909598 3.869304
4.609365 5.315881
7.017902 4.587009
5.496893 4.606754
4.290804 6.010476
5.762977 7.519318
5.964983 5.886073
5.334478 5.620678
4.337666 5.583716
4.978394 6.535309
4.486110 6.936460
5.136425 6.343452
5.207607 5.077075
4.756296 7.409501
4.400784 7.918465
5.086043 5.749641
3.978000 5.942869
4.766889 4.732448
5.290763 4.267472
4.482617 6.811414
5.188548 5.667958
5.409556 7.028166
4.358155 6.143316
6.249424 7.293759
4.605375 4.508417
4.461582 6.491592
5.251623 5.101802
5.140665 2.548536
4.309305 6.861807
5.335590 5.586540
4.962014 8.096467
3.833153 7.177776
4.041565 7.108152
3.942241 6.204286
5.184602 5.437196
4.929232 4.323612
4.940794 5.107148
4.927058 7.015363
6.071414 5.744364
4.307910 5.863139
5.210894 5.864669
4.390687 5.918968
3.866777 6.119429
6.192970 5.672650
4.759846 5.155780
5.566102 5.841051
4.711493 5.039650
6.905880 4.662188
5.314805 5.627200
5.402528 5.603131
5.155667 5.459851
4.890463 4.993066
5.129761 6.211884
4.616362 4.647107
4.332523 7.546390
5.532424 4.454600
6.165427 4.171555
5.899324 8.509542
5.184144 5.343825
4.615616 5.881816
4.577769 7.078712
4.415455 5.733660
5.288702 7.033526
5.356058 4.992120
4.101935 4.797858
3.757366 6.275467
6.926880 4.386231
7.576759 2.620672
6.590767 6.327374
4.783571 5.068853
4.717267 5.054662
4.323953 5.289433
4.533166 7.159361
4.207311 7.698343
4.672214 7.058754
5.358750 6.156039
4.515721 5.490407
5.075248 6.751112
4.144996 6.366641
5.916944 4.074056
5.463865 5.644030
4.837378 7.067400
4.230206 5.910604
4.500893 5.335733
5.802776 5.067977
4.272331 6.527258
4.243495 6.289762
3.889927 7.168213
4.331757 8.627720
4.821346 5.048144
5.139885 6.514048
4.413957 5.360658
5.421771 6.456562
5.268540 6.452230
4.522769 4.451863
4.810824 5.053843
5.189705 4.592662
4.504727 5.967900
4.993306 6.580261
5.200710 5.198394
4.190887 4.490907
5.150253 5.686219
3.913657 6.300470
4.222034 5.928278
5.197747 5.729474
5.173235 6.425495
5.773029 6.761527
5.461938 6.020147
5.629666 6.509367
5.446558 3.883680
5.507231 3.854569
4.960559 6.353542
7.407598 4.599770
4.187617 4.748093
6.487864 6.062920
5.978570 3.501181
5.903201 8.251427
7.584866 5.982237
3.919327 6.480042
7.327090 1.317399
4.381573 4.956946
4.261471 7.416427
4.591660 7.043519
5.172400 5.986577
3.833897 6.532988
4.281764 5.646894
4.241135 5.735434
3.855473 4.112951
4.263347 6.836878
4.352796 4.886871
4.099720 5.048110
5.007669 5.775703
4.519995 5.563806
4.278563 5.672066
4.328301 5.125824
5.142927 6.842862
5.461282 3.828913
5.227647 3.860046
4.201816 6.821646
4.122603 8.372728
4.110038 6.046620
4.515495 5.341762
4.040287 7.045793
5.207332 6.251309
3.926073 6.577062
4.125420 4.596454
5.962850 6.066849
5.185234 5.426016
4.924808 7.103759
4.207819 4.343228
4.944858 7.167428
3.760100 5.749268
3.926690 6.859965
4.310810 5.913785
5.383567 5.659262
3.901362 4.282776
6.053653 4.389410
4.981019 5.026407
4.926760 6.722054
3.935894 5.743301
5.241818 3.840785
4.581786 4.815804
5.027073 6.470181
4.391097 7.161153
4.926686 6.855378
4.532364 8.299415
4.111083 6.896087
3.959423 6.911665
3.872199 5.781277
4.778289 6.628942
4.333554 5.655777
3.850889 4.328489
4.112529 7.531300
4.473792 7.041438
8.287661 5.002197
5.366810 6.045834
5.334042 6.831944
5.358629 5.730752
5.715093 3.914149
4.417564 5.812964
7.324267 5.398298
6.127145 4.916038
4.934237 6.221456
4.999022 6.845459
4.517838 4.427651
5.220414 6.413923
5.510842 7.653061
4.682844 3.487857
4.230392 5.267015
5.457726 3.992132
4.324024 6.443966
5.132188 6.238012
5.812070 5.648986
3.985121 8.512893
4.110157 6.647755
7.576759 2.961717
5.164093 4.066691
5.729025 7.817541
4.409558 7.200471
4.939602 7.067630
4.246877 5.709820
4.032509 5.663659
3.825493 5.662381
6.095920 7.189569
5.617284 5.478366
3.911035 6.068847
5.406665 7.341815
4.465744 8.359848
4.381202 5.836664
4.261976 7.591125
6.179232 5.994998
4.347104 6.436950
7.477496 5.148212
6.074610 6.017636
4.516300 5.398303
5.603573 7.270095
4.989433 4.927497
6.203880 8.508380
5.014521 5.959135
4.263253 6.194077
4.076973 6.444608
4.067683 6.468076
5.360841 5.356080
5.665510 4.578317
5.525721 4.531562
5.727679 3.829811
6.465885 4.869581
5.278068 6.684619
5.332405 6.035419
3.915705 5.710456
4.125136 6.432674
3.816415 8.369731
3.842858 6.980895
4.168800 6.285639
5.298707 5.779130
4.494740 5.687196
5.596798 5.196650
4.158175 6.323077
6.523778 4.928177
4.083713 6.164968
4.096457 6.134579
5.259346 6.583054
4.162948 6.461823
4.269766 4.337430
4.110981 6.244481
5.875286 5.747729
4.241899 5.725439
4.200968 6.458490
4.173213 6.105844
4.177617 5.190195
5.244219 5.791377
5.130204 6.228514
4.175696 6.434955
5.267873 5.775331
3.821837 6.019658
3.889230 6.204801
6.097127 3.900605
4.394646 5.430244
4.579610 4.140551
4.006726 5.946520
4.750644 7.151753
6.506829 4.536719
4.655394 4.091652
5.604748 5.468052
5.236602 3.090368
4.138972 6.580583
5.502120 6.224565
3.976078 6.711151
5.969550 5.785017
4.509770 3.336448
5.452459 4.133980
3.961982 5.775589
6.190012 5.297615
5.381414 7.447345
3.892285 7.358768
4.247699 3.950402
5.274621 5.285067
4.522418 5.559493
4.034353 6.893765
5.421019 3.824640
5.508490 6.425412
6.046727 6.343107
6.002818 6.412839
5.472669 5.669417
6.458015 4.404609
5.240347 5.250051
3.834406 5.657067
4.097757 6.055694
4.437701 7.932542
4.778386 6.641762
4.472868 5.393951
4.093575 6.000565
4.129631 7.849707
5.442217 7.009785
3.926155 6.126411
4.093650 6.355362
4.765556 4.665113
4.366898 4.926377
6.613623 2.644785
5.611655 7.538740
4.272621 6.594133
5.665225 6.020871
5.512940 6.246207
4.384949 5.641260
7.864522 6.222342
5.772575 6.970869
4.640267 4.307984
5.286918 7.898005
5.666743 7.429989
5.655066 7.267201
5.436783 5.530620
5.835264 3.797273
6.177240 3.407938
4.399498 4.266760
6.121681 7.524559
6.454290 5.107359
3.972315 7.355664
3.996187 6.332388
5.476361 5.668356
4.502009 5.723078
4.592916 4.782072
5.215362 5.005732
4.176441 7.868780
4.464721 4.577507
4.157479 6.031360
5.868355 6.455404
4.155478 5.824551
4.079472 6.556304
4.118275 3.928244
5.526128 5.829199
4.466545 8.525005
5.489634 5.533738
5.404332 8.037248
4.579696 4.144531
5.574545 3.760582
4.678489 4.582630
4.699517 4.678356
4.935332 7.055704
5.656379 5.589513
5.490563 7.220935
5.526869 6.040881
4.519723 4.614858
4.283796 4.827640
5.694046 4.935664
3.935908 5.541570
3.553211 6.787100
3.881258 6.691584
4.119081 4.489317
5.456716 7.609663
6.104043 5.863473
3.991631 5.372558
5.604208 6.163789
6.068532 9.287973
4.797564 4.520237
7.049389 3.181166
4.919542 4.524421
5.180759 3.869884
4.168020 5.668584
4.111064 5.678050
4.087537 5.718215
6.606929 5.275431
8.361416 4.114956
5.995365 6.222528
5.968768 6.791226
5.231884 6.247266
6.382464 4.640073
3.842984 5.526701
4.532263 3.385573
3.492493 7.455644
3.072749 7.200041
3.903769 5.540788
4.359972 4.550049
2.517439 6.902795
5.516449 5.038778
3.325336 7.376245
3.825531 6.357722
4.494138 3.757957
2.772078 0.800284
3.780729 5.552390
4.955465 2.865529
4.565935 3.914306
3.819308 5.217878
6.837045 4.728107
9.372948 1.371917
5.946974 0.064695
4.124888 4.448866
5.166355 6.439815
3.472728 6.015492
3.162599 6.118446
3.695346 7.493699
3.950959 5.321983
3.277452 5.763484
3.772946 5.006029
6.147677 5.072205
3.940032 6.462899
4.015791 5.231104
5.013488 2.822103
4.351514 8.597475
4.538220 2.970018
4.636184 2.948620
3.571650 7.027439
6.225186 6.216716
3.612899 5.854397
3.762898 5.844106
6.007039 6.158359
3.811769 4.960430
7.178841 4.017973
2.570024 7.640026
6.503032 8.464999
3.434157 5.583668
6.773812 5.801294
5.980511 6.660538
3.078378 3.457955
2.988300 6.766926
